56 34 60 
57 39 59 
54 41 62 
57 38 61 
60 33 70 
35 49 62 
38 66 58 
42 64 60 
46 57 67 
48 50 76 
46 51 75 
44 52 64 
35 53 58 
25 60 55 
28 56 55 
24 60 60 
22 66 58 
30 80 54 
33 81 60 
38 76 64 
44 78 65 
44 77 66 
44 81 63 
39 70 62 
32 73 56 
25 77 60 
23 85 60 
25 88 55 
25 85 54 
25 88 52 
23 88 58 
25 79 58 
25 74 62 
25 69 67 
25 70 66 
30 81 57 
33 79 61 
36 73 66 
39 70 69 
41 76 64 
39 76 67 
33 81 63 
29 91 59 
26 94 60 
25 100 56 
25 98 57 
23 100 56 
21 106 58 
21 91 67 
25 79 71 
26 81 69 
25 80 70 
24 77 66 
23 72 71 
23 70 66 
25 61 71 
25 65 74 
30 60 68 
32 67 61 
34 62 66 
36 61 67 
41 64 68 
39 71 68 
40 73 63 
38 73 66 
33 78 62 
32 86 59 
26 105 56 
24 100 61 
23 101 63 
24 102 60 
23 110 58 
24 99 62 
25 92 64 
26 83 68 
25 81 72 
25 80 73 
25 77 73 
25 84 67 
25 78 72 
23 84 76 
24 95 70 
25 101 63 
26 104 59 
28 113 54 
28 106 60 
27 107 62 
28 91 67 
35 49 67 
36 55 70 
40 54 71 
41 62 70 
37 70 66 
35 76 64 
33 75 65 
32 84 61 
32 85 60 
27 103 57 
29 103 57 
27 96 61 
26 100 61 
29 88 61 
29 81 66 
30 81 63 
29 79 68 
29 73 73 
29 75 71 
27 84 61 
27 91 56 
27 82 62 
24 84 64 
25 83 68 
26 88 67 
25 105 61 
25 116 57 
26 127 56 
26 123 58 
26 125 59 
26 117 63 
29 113 61 
28 109 61 
26 101 63 
27 90 62 
27 85 60 
25 69 63 
39 35 73 
33 43 71 
36 62 66 
34 66 62 
30 62 66 
30 72 64 
32 80 64 
29 92 58 
25 101 58 
25 98 60 
25 89 66 
25 86 68 
26 86 68 
25 91 67 
25 85 69 
22 93 63 
21 99 62 
23 105 61 
23 111 60 
23 108 64 
24 99 67 
26 121 59 
26 117 61 
26 127 58 
25 120 64 
25 118 65 
25 123 62 
26 113 63 
26 97 66 
26 97 63 
26 85 66 
27 76 64 
25 71 65 
25 66 66 
28 60 64 
32 58 66 
32 65 63 
32 60 68 
33 70 66 
39 24 75 
33 36 70 
37 49 68 
36 63 65 
36 65 63 
36 66 62 
30 70 66 
27 77 66 
27 80 64 
27 86 59 
26 88 64 
25 84 70 
25 88 67 
25 96 64 
21 94 65 
21 95 62 
21 117 59 
22 107 62 
22 116 57 
23 127 58 
24 123 60 
25 125 59 
25 134 57 
25 125 61 
26 136 62 
25 121 63 
26 116 64 
26 102 70 
25 95 67 
26 90 65 
24 78 69 
25 63 69 
25 62 70 
30 60 72 
30 65 71 
32 70 58 
30 75 58 
30 78 59 
30 73 63 
30 63 65 
30 62 62 
30 63 61 
28 63 61 
28 71 54 
69 24 74 
48 18 72 
33 34 68 
35 47 65 
41 65 67 
41 70 62 
39 68 64 
32 64 60 
30 53 68 
30 51 70 
30 59 69 
30 76 64 
28 77 63 
27 78 65 
25 90 65 
25 93 63 
23 95 62 
22 100 64 
23 97 66 
23 92 69 
22 95 67 
22 99 67 
19 115 62 
21 132 56 
22 142 54 
22 132 60 
23 138 59 
23 136 60 
24 149 58 
24 142 61 
26 134 61 
26 119 62 
25 104 64 
23 87 73 
25 76 74 
24 68 75 
23 72 74 
27 73 70 
28 79 61 
30 85 54 
27 96 53 
26 96 53 
23 84 61 
23 91 59 
23 80 64 
21 79 61 
22 73 66 
24 82 59 
23 93 55 
23 89 57 
20 92 58 
64 25 70 
43 27 66 
33 34 67 
39 51 65 
41 66 66 
36 69 59 
34 62 62 
30 57 67 
28 53 72 
30 56 68 
32 58 70 
30 72 67 
27 74 69 
26 84 67 
24 87 70 
24 97 66 
23 103 67 
22 104 66 
22 101 68 
21 108 66 
21 121 61 
19 127 62 
20 136 62 
21 145 58 
20 148 57 
21 142 61 
21 145 60 
21 149 58 
22 150 61 
24 145 60 
25 130 59 
26 125 57 
26 110 65 
26 104 66 
24 93 71 
23 94 68 
21 77 79 
25 76 77 
25 79 74 
25 102 55 
25 97 58 
24 94 57 
23 91 56 
20 92 61 
20 95 59 
21 82 65 
24 89 60 
21 115 53 
21 94 54 
21 78 52 
19 64 56 
33 40 58 
47 29 78 
60 24 85 
70 34 91 
47 31 75 
39 36 70 
33 42 66 
35 52 59 
34 63 61 
36 57 67 
36 56 68 
30 50 71 
32 59 69 
27 76 67 
26 90 62 
24 94 65 
23 100 66 
22 98 70 
21 102 70 
21 109 68 
20 118 65 
19 125 63 
20 131 64 
21 130 63 
21 135 64 
21 138 63 
22 144 62 
22 141 65 
22 143 64 
24 138 63 
23 134 61 
24 117 63 
24 109 68 
24 101 73 
22 96 72 
23 89 72 
26 89 69 
25 92 69 
24 97 63 
26 95 59 
25 94 60 
25 90 62 
21 104 59 
22 101 58 
23 97 58 
23 95 59 
25 111 53 
25 94 49 
24 75 51 
27 55 51 
37 39 59 
40 31 75 
60 22 82 
70 27 85 
74 35 80 
33 41 69 
38 49 62 
30 51 60 
36 64 60 
36 60 68 
34 55 70 
32 65 67 
33 73 66 
30 71 65 
29 82 65 
21 113 63 
21 123 60 
21 116 64 
22 120 66 
21 116 66 
19 120 66 
20 130 63 
20 134 63 
21 129 65 
21 131 66 
22 124 68 
21 129 67 
22 146 63 
24 147 59 
23 141 58 
23 132 62 
24 124 64 
24 118 67 
23 128 64 
24 114 65 
24 100 66 
24 98 68 
25 98 68 
24 100 69 
24 93 66 
23 98 60 
21 107 57 
21 109 56 
23 102 60 
23 96 61 
26 92 61 
24 91 59 
24 101 53 
26 102 50 
25 79 55 
28 61 54 
42 40 63 
50 33 70 
54 32 80 
66 32 80 
74 38 73 
76 48 58 
25 46 66 
33 52 59 
30 61 63 
30 49 68 
32 48 69 
36 55 69 
36 59 69 
36 72 67 
32 65 71 
33 74 69 
24 91 67 
23 104 64 
22 109 63 
20 114 67 
21 110 67 
23 120 64 
21 128 64 
21 126 67 
23 124 68 
21 128 68 
21 135 66 
21 133 65 
22 139 64 
24 140 60 
23 126 65 
23 139 57 
24 125 59 
23 117 61 
24 108 64 
26 107 67 
27 100 69 
22 97 71 
22 104 64 
23 105 63 
23 108 59 
22 109 61 
23 100 64 
23 95 67 
25 88 64 
27 91 59 
25 87 53 
24 65 55 
30 39 65 
50 32 72 
63 30 76 
68 36 79 
72 48 69 
73 58 53 
75 69 37 
26 65 59 
28 68 60 
28 62 66 
28 58 70 
30 53 72 
30 52 74 
28 57 67 
30 61 67 
32 66 66 
33 77 63 
32 76 64 
29 82 62 
24 104 59 
21 110 65 
21 106 70 
20 110 72 
21 128 60 
20 122 65 
20 126 67 
20 127 66 
22 120 70 
23 122 67 
22 126 67 
22 127 66 
21 126 71 
21 129 69 
23 131 64 
23 143 59 
24 134 63 
25 140 60 
24 129 65 
23 134 63 
24 127 62 
24 134 59 
25 112 66 
26 104 71 
22 115 60 
22 108 64 
22 111 62 
22 101 63 
22 105 61 
23 105 56 
24 106 58 
24 112 57 
22 109 54 
24 99 54 
26 92 47 
30 63 53 
45 35 73 
60 30 77 
71 36 78 
71 41 68 
71 60 47 
70 77 30 
21 63 57 
20 79 58 
22 60 64 
30 58 70 
27 75 65 
32 77 63 
29 77 66 
26 89 63 
21 109 63 
22 114 65 
22 114 67 
21 120 68 
20 118 69 
19 135 64 
20 135 64 
20 135 68 
21 140 60 
23 154 58 
23 151 59 
22 146 61 
22 137 65 
22 142 63 
23 149 60 
24 158 55 
25 159 53 
25 143 59 
24 130 61 
24 120 66 
23 122 65 
23 119 62 
22 121 63 
21 117 61 
21 123 58 
20 121 57 
20 115 60 
22 114 56 
22 125 51 
22 121 55 
23 120 53 
23 118 52 
22 97 50 
25 68 49 
35 47 60 
47 30 76 
54 33 77 
67 32 72 
74 45 63 
72 62 41 
71 93 22 
22 64 60 
24 63 65 
26 60 68 
26 65 67 
30 57 72 
30 68 68 
30 79 61 
29 84 64 
29 89 60 
30 84 61 
25 95 62 
24 96 64 
20 124 68 
20 122 69 
20 115 73 
20 119 71 
20 129 65 
21 140 62 
21 124 70 
20 137 67 
20 146 63 
21 146 61 
20 148 62 
21 137 65 
21 154 63 
22 153 60 
21 151 64 
21 159 61 
24 155 61 
23 156 59 
23 145 60 
24 136 62 
21 136 60 
23 151 54 
21 139 57 
20 134 61 
19 134 59 
21 137 54 
21 132 54 
22 120 53 
24 95 51 
25 66 50 
30 43 59 
40 32 71 
54 35 72 
54 39 66 
68 38 54 
69 50 36 
71 107 19 
25 49 68 
21 78 69 
23 69 74 
22 68 71 
28 67 72 
29 74 69 
27 79 68 
29 85 63 
26 93 63 
24 109 61 
22 111 60 
21 114 65 
20 115 71 
21 120 70 
21 120 72 
21 122 71 
21 131 68 
20 141 65 
20 143 64 
21 143 68 
21 140 69 
22 149 65 
22 155 64 
22 160 62 
22 171 58 
22 158 63 
24 160 59 
20 150 61 
21 155 56 
21 158 55 
18 128 60 
19 123 58 
22 123 54 
23 87 53 
30 43 60 
40 23 66 
60 25 72 
60 30 68 
64 38 53 
60 51 35 
65 73 21 
50 85 18 
25 71 61 
25 75 61 
23 80 70 
23 75 75 
29 78 69 
29 76 70 
29 80 67 
26 93 66 
22 106 65 
22 113 68 
22 117 72 
21 126 69 
21 147 59 
20 131 70 
20 153 60 
20 156 59 
21 145 67 
21 149 65 
20 160 62 
21 162 60 
22 163 61 
21 157 57 
19 137 65 
19 122 65 
18 123 62 
19 109 63 
20 104 64 
18 96 61 
26 60 60 
33 36 64 
41 28 72 
54 19 67 
69 26 68 
68 41 50 
64 62 33 
60 120 17 
54 64 20 
21 77 63 
25 83 71 
23 90 71 
25 86 71 
26 87 70 
28 87 70 
24 102 65 
22 112 73 
21 117 74 
20 121 76 
21 144 62 
21 139 66 
19 152 62 
19 166 57 
20 161 57 
21 133 67 
20 133 69 
21 141 67 
21 167 58 
22 137 67 
20 131 66 
19 124 72 
19 107 67 
20 90 65 
22 79 61 
24 60 68 
33 38 73 
42 35 73 
51 24 75 
69 29 62 
69 39 46 
64 64 32 
64 97 21 
60 74 24 
20 76 70 
25 87 70 
23 91 70 
26 86 71 
26 85 72 
25 85 72 
22 90 71 
23 91 73 
24 103 67 
21 113 70 
23 118 69 
21 122 73 
20 126 73 
20 128 72 
20 166 60 
19 160 59 
19 157 60 
20 129 71 
21 156 62 
21 147 66 
22 153 65 
23 145 65 
23 106 60 
30 61 59 
35 41 69 
46 39 72 
54 34 75 
56 29 71 
60 30 51 
65 48 32 
60 81 22 
60 69 26 
20 80 70 
26 98 65 
26 90 68 
26 91 67 
24 84 73 
22 92 69 
22 91 73 
21 103 72 
21 118 69 
19 120 72 
20 119 77 
19 126 75 
19 129 73 
20 162 63 
18 147 64 
21 127 70 
21 142 63 
22 148 67 
23 149 65 
23 143 64 
21 139 64 
23 109 63 
25 95 59 
38 44 69 
44 38 73 
52 38 74 
55 38 74 
53 42 54 
60 56 32 
60 78 23 
24 97 71 
28 108 64 
26 112 66 
25 110 67 
26 99 72 
24 96 72 
24 90 71 
24 96 69 
21 107 69 
22 111 69 
21 121 74 
21 126 77 
20 129 77 
20 126 71 
19 141 67 
19 143 66 
19 147 66 
20 146 68 
20 155 64 
19 137 69 
19 128 74 
19 133 71 
19 135 70 
18 129 71 
19 133 67 
20 139 66 
20 151 66 
23 155 64 
24 156 62 
24 139 64 
24 117 59 
30 82 62 
35 78 62 
40 41 74 
47 29 79 
64 25 72 
60 28 55 
60 53 34 
66 128 20 
70 66 35 
21 85 72 
24 94 73 
25 117 61 
24 112 66 
26 101 71 
24 101 68 
24 92 72 
24 107 69 
22 93 74 
21 104 71 
22 105 73 
22 115 73 
22 119 77 
20 131 76 
22 138 70 
19 137 67 
19 147 64 
18 147 66 
18 146 70 
19 154 68 
19 152 69 
18 142 70 
18 144 69 
18 128 72 
19 129 69 
19 135 66 
19 128 72 
21 116 75 
20 114 74 
19 121 74 
24 147 64 
24 148 62 
25 141 58 
27 105 56 
33 84 61 
39 65 67 
45 46 78 
52 34 83 
57 30 84 
69 28 64 
69 43 42 
69 66 27 
69 81 22 
69 60 30 
18 68 68 
21 89 69 
29 119 58 
25 123 58 
24 110 67 
26 105 68 
26 103 69 
26 108 66 
26 98 73 
24 97 76 
22 111 71 
21 112 73 
19 124 76 
20 134 74 
20 128 78 
21 133 73 
19 139 68 
19 150 63 
19 145 65 
18 149 65 
18 151 66 
19 158 66 
19 163 64 
19 127 70 
20 117 72 
19 131 68 
27 121 59 
29 94 60 
33 89 57 
39 77 63 
49 56 77 
54 40 90 
60 33 94 
68 33 84 
72 49 52 
71 70 29 
69 85 21 
69 58 31 
17 71 68 
21 87 70 
24 121 61 
26 112 64 
26 103 72 
26 109 68 
25 105 73 
24 104 71 
22 113 70 
20 122 73 
20 126 75 
19 128 82 
20 150 68 
18 141 67 
18 155 64 
17 150 68 
18 162 63 
19 166 63 
18 165 68 
18 166 66 
19 161 65 
18 153 65 
18 143 64 
20 112 75 
22 108 73 
21 101 73 
19 111 71 
17 117 72 
19 126 71 
22 118 67 
25 113 63 
32 89 57 
36 82 59 
47 63 73 
53 46 88 
60 36 93 
69 41 88 
75 49 62 
77 82 28 
80 128 18 
77 79 29 
18 78 72 
20 80 80 
26 115 62 
22 113 61 
25 116 66 
25 114 67 
25 109 70 
23 113 72 
23 110 74 
23 109 75 
20 124 70 
20 133 73 
20 136 73 
20 139 77 
20 144 69 
20 148 67 
19 147 73 
18 161 68 
18 157 70 
17 161 68 
18 167 67 
18 175 67 
18 181 62 
18 146 68 
18 133 69 
19 122 71 
21 108 73 
17 114 74 
18 110 74 
22 100 69 
25 93 66 
32 71 61 
51 52 78 
58 38 93 
64 40 89 
72 46 72 
81 61 42 
85 156 18 
87 115 20 
86 42 49 
17 103 62 
20 116 66 
24 119 62 
21 98 73 
22 113 72 
23 115 73 
23 119 71 
23 129 65 
20 135 72 
20 149 72 
18 159 69 
18 170 66 
18 174 66 
18 175 64 
18 152 67 
19 143 68 
21 126 73 
20 119 73 
19 118 69 
18 112 75 
19 108 73 
20 104 71 
23 98 65 
23 92 64 
28 81 57 
34 69 59 
45 48 75 
56 39 91 
60 34 89 
69 45 74 
78 53 58 
86 73 28 
90 116 22 
87 61 46 
17 91 70 
19 113 70 
21 119 62 
21 94 73 
21 95 78 
20 120 70 
19 143 64 
19 148 67 
20 148 69 
20 147 71 
20 158 68 
20 158 63 
18 177 65 
18 180 65 
18 173 68 
18 182 66 
19 179 67 
18 173 65 
20 161 65 
19 151 64 
21 146 63 
21 138 70 
22 151 66 
21 139 68 
20 133 65 
18 119 71 
21 99 67 
34 70 62 
39 50 71 
51 42 79 
62 42 85 
68 50 77 
74 56 59 
82 80 35 
90 82 25 
93 54 47 
17 95 67 
17 108 73 
18 115 71 
20 108 73 
20 96 77 
20 103 74 
19 117 74 
19 138 74 
19 158 63 
19 142 70 
21 146 68 
20 138 70 
19 135 72 
19 147 71 
19 149 70 
19 151 71 
20 159 64 
19 165 65 
18 163 69 
17 157 73 
17 166 72 
18 184 65 
18 171 70 
19 174 69 
18 166 72 
18 179 64 
19 158 68 
20 165 62 
20 155 66 
21 153 65 
20 152 62 
21 152 62 
21 148 62 
21 137 67 
22 124 66 
23 113 61 
28 76 57 
38 67 61 
45 48 74 
57 36 79 
70 47 82 
76 58 66 
81 79 42 
90 94 30 
95 66 50 
15 108 66 
17 126 65 
16 124 68 
18 124 74 
18 129 75 
19 140 73 
19 143 73 
20 146 70 
20 142 70 
20 133 75 
19 160 67 
19 156 67 
20 143 68 
18 161 73 
18 168 70 
18 168 73 
18 172 71 
18 175 70 
19 176 68 
18 178 66 
19 164 67 
20 162 66 
20 153 65 
21 148 67 
22 141 67 
22 154 58 
24 140 62 
25 114 58 
27 94 57 
32 82 53 
52 36 78 
70 35 88 
77 50 72 
81 73 49 
90 93 33 
94 70 51 
17 123 62 
15 124 68 
17 129 67 
18 128 64 
18 131 68 
18 136 73 
18 154 68 
19 144 71 
20 151 71 
20 149 70 
21 146 70 
20 152 67 
20 154 68 
19 153 70 
18 163 72 
19 164 73 
19 169 71 
19 171 70 
19 166 72 
19 163 72 
18 158 71 
20 150 73 
21 148 69 
21 142 70 
22 143 68 
24 126 69 
24 133 67 
25 145 60 
26 138 59 
28 118 56 
29 99 54 
43 48 74 
57 29 87 
75 35 87 
88 58 57 
86 74 48 
94 60 60 
94 48 75 
16 106 60 
16 128 64 
17 140 62 
18 139 66 
18 131 70 
18 131 76 
17 133 75 
20 153 70 
20 160 67 
20 155 69 
20 156 67 
19 161 68 
18 160 70 
19 170 66 
20 170 66 
20 165 65 
21 152 67 
21 138 72 
22 140 69 
24 143 66 
25 142 63 
25 135 66 
25 144 62 
27 132 60 
28 130 51 
31 97 55 
36 48 74 
51 31 83 
68 23 88 
85 36 79 
92 63 57 
94 55 69 
94 50 77 
15 104 64 
17 131 64 
16 141 65 
16 140 69 
18 137 67 
17 135 72 
18 126 79 
19 142 72 
19 145 72 
20 166 66 
20 154 71 
18 154 73 
19 157 73 
19 153 75 
19 162 74 
19 169 68 
19 179 64 
20 161 68 
21 156 67 
22 158 66 
25 151 59 
26 153 60 
26 127 66 
27 132 58 
29 106 53 
33 76 64 
43 40 77 
60 21 95 
83 26 88 
94 50 71 
96 56 73 
97 54 80 
17 114 65 
16 124 70 
17 131 74 
16 138 72 
18 138 72 
18 129 77 
19 134 76 
19 139 75 
20 145 79 
19 155 74 
18 176 68 
18 183 67 
19 190 63 
19 174 66 
19 171 67 
20 175 64 
21 189 58 
22 171 61 
23 182 56 
23 181 55 
24 170 54 
26 146 56 
32 94 54 
34 54 71 
57 28 82 
75 30 86 
87 35 81 
98 53 77 
15 116 68 
17 126 71 
17 133 73 
17 147 71 
19 123 77 
19 131 78 
19 141 74 
20 170 63 
19 167 67 
19 161 73 
19 158 76 
19 182 66 
19 189 66 
19 190 67 
19 193 66 
19 175 70 
19 184 65 
19 187 64 
19 178 66 
19 177 65 
20 179 64 
20 177 62 
21 173 59 
23 164 59 
24 148 55 
27 123 54 
40 42 73 
66 31 82 
85 35 81 
92 45 73 
94 51 75 
16 130 63 
17 147 64 
17 156 67 
18 145 67 
19 127 76 
20 142 72 
20 167 64 
19 178 63 
19 175 67 
17 176 71 
17 174 72 
17 177 69 
19 184 68 
19 180 68 
19 186 67 
19 185 66 
17 184 68 
17 178 70 
19 186 63 
19 180 65 
20 163 64 
23 150 56 
24 120 53 
30 60 60 
77 31 74 
88 40 76 
90 47 71 
94 49 78 
16 129 65 
15 155 64 
15 142 70 
17 142 72 
18 140 71 
19 136 71 
19 165 68 
18 174 69 
18 170 69 
19 174 72 
20 176 68 
20 182 66 
20 184 65 
20 183 67 
19 192 65 
22 134 55 
26 91 56 
80 39 78 
90 45 73 
88 48 75 
16 135 64 
14 159 61 
14 143 68 
19 117 76 
19 114 76 
19 124 74 
20 122 75 
19 173 68 
17 175 67 
18 169 68 
20 187 64 
19 177 69 
22 121 57 
43 31 74 
71 34 83 
84 41 87 
88 54 71 
16 142 63 
16 159 64 
16 162 63 
17 155 64 
19 144 69 
20 109 75 
20 115 69 
21 158 63 
17 173 68 
17 171 67 
19 183 67 
20 183 64 
20 190 63 
20 193 62 
19 193 62 
18 187 64 
18 189 62 
23 132 58 
26 100 56 
30 53 63 
60 24 74 
85 35 87 
88 46 77 
21 68 64 
15 131 68 
15 162 66 
17 161 65 
21 103 74 
21 162 63 
20 164 67 
19 164 70 
18 179 67 
18 165 71 
19 171 73 
19 176 71 
19 181 69 
20 189 66 
17 186 67 
24 111 62 
27 79 58 
36 40 64 
77 23 79 
94 39 92 
90 54 71 
23 52 59 
16 112 66 
14 145 67 
16 146 70 
15 159 69 
17 169 68 
19 162 66 
19 157 65 
19 126 73 
22 162 63 
21 160 67 
20 169 65 
17 159 72 
18 181 72 
19 188 65 
19 178 70 
23 127 62 
27 94 60 
32 63 57 
49 29 70 
80 28 83 
92 41 87 
30 26 50 
15 98 57 
15 128 60 
17 138 61 
17 146 61 
17 148 62 
19 140 62 
19 140 60 
19 104 76 
20 111 71 
21 127 66 
22 129 69 
21 145 65 
20 151 64 
20 158 66 
20 174 63 
19 181 62 
20 173 65 
19 163 69 
20 166 63 
19 170 63 
20 171 61 
21 169 65 
22 174 63 
23 153 65 
24 133 65 
30 106 58 
33 82 59 
44 53 63 
60 27 75 
82 32 87 
15 57 54 
17 81 57 
21 91 56 
19 108 59 
18 116 57 
21 107 55 
22 98 57 
22 91 70 
22 96 69 
23 102 65 
22 100 66 
23 111 62 
24 112 64 
23 116 64 
20 124 64 
21 132 62 
21 147 64 
20 143 66 
21 164 59 
20 162 60 
20 159 61 
19 150 61 
18 139 64 
18 141 65 
19 146 63 
21 160 59 
24 150 63 
25 151 64 
27 157 57 
30 135 53 
35 105 56 
44 68 64 
55 42 67 
70 38 81 
23 117 59 
24 119 58 
22 130 57 
21 142 54 
21 130 59 
21 134 57 
20 125 57 
21 114 58 
20 101 63 
18 102 65 
18 104 64 
18 107 62 
20 108 64 
21 106 65 
23 112 64 
26 134 59 
26 143 57 
30 137 56 
34 125 55 
39 97 55 
48 63 61 
65 45 68 
17 49 171 
17 50 167 
17 50 169 
17 51 164 
17 51 166 
17 52 163 
17 51 161 
17 50 170 
17 50 168 
17 52 162 
18 51 160 
17 52 161 
17 53 160 
18 50 168 
17 52 167 
17 51 165 
18 52 161 
18 51 159 
17 53 158 
17 54 157 
17 54 156 
16 50 169 
18 53 163 
17 53 159 
18 51 164 
17 51 160 
17 50 158 
16 51 159 
16 51 156 
16 51 154 
17 52 156 
17 52 157 
17 53 164 
18 50 163 
18 54 157 
17 51 159 
16 50 158 
16 50 157 
16 52 156 
17 53 154 
17 53 155 
17 54 152 
16 54 156 
17 54 151 
17 53 153 
19 50 174 
18 51 171 
18 52 168 
18 50 162 
16 51 164 
18 50 164 
18 54 161 
17 54 160 
18 55 158 
16 52 157 
16 53 155 
16 51 155 
17 52 158 
16 54 155 
17 55 149 
17 55 152 
16 56 150 
17 57 147 
17 54 150 
19 53 169 
19 52 171 
17 49 167 
17 48 169 
18 52 166 
16 52 162 
18 53 160 
18 52 157 
16 52 152 
17 56 147 
19 53 170 
18 49 166 
18 52 167 
18 52 163 
17 53 165 
17 56 146 
18 53 168 
18 53 165 
17 56 150 
17 55 148 
19 51 174 
19 54 166 
18 53 164 
16 53 153 
19 53 167 
18 51 169 
18 54 160 
18 53 155 
18 54 152 
16 55 152 
17 56 145 
16 55 148 
19 53 168 
17 52 166 
17 54 162 
20 55 168 
17 49 165 
18 54 162 
19 52 172 
18 51 170 
18 51 166 
18 52 158 
20 57 157 
16 55 153 
18 53 153 
16 53 154 
17 54 155 
16 52 153 
16 56 146 
19 52 168 
18 49 165 
18 52 162 
17 52 151 
16 52 151 
18 55 168 
19 54 165 
20 54 166 
17 55 154 
20 53 167 
16 53 158 
19 52 173 
19 55 168 
19 55 167 
16 50 167 
18 54 171 
19 54 170 
18 54 166 
16 55 149 
18 54 170 
17 50 163 
17 54 161 
18 55 173 
20 50 168 
18 53 169 
18 55 154 
16 54 157 
16 54 150 
18 53 172 
20 51 164 
19 53 164 
18 54 169 
20 51 166 
20 53 170 
16 52 163 
17 55 157 
17 55 153 
18 55 148 
17 51 155 
18 54 150 
18 53 167 
19 53 163 
18 54 155 
19 55 163 
18 56 170 
19 54 164 
17 53 163 
18 55 153 
17 51 154 
17 51 169 
18 55 167 
20 54 164 
19 55 162 
18 55 157 
18 56 156 
18 55 166 
17 55 159 
17 56 149 
19 55 166 
17 54 170 
19 55 161 
18 51 161 
17 55 158 
17 56 151 
18 56 164 
18 56 165 
18 54 165 
18 54 151 
18 55 149 
16 55 154 
18 56 146 
19 56 167 
19 57 166 
18 53 158 
18 53 170 
19 52 167 
19 53 165 
18 53 159 
18 57 152 
16 54 146 
16 54 151 
17 50 164 
16 53 159 
17 56 155 
15 53 149 
15 53 148 
15 52 151 
16 53 150 
17 50 173 
18 55 171 
15 54 146 
16 53 148 
17 50 174 
17 51 171 
19 56 163 
20 54 165 
17 57 153 
17 50 157 
17 53 172 
18 55 163 
17 49 166 
18 54 156 
17 50 172 
17 51 170 
17 54 171 
18 56 155 
17 52 168 
18 57 153 
16 49 172 
16 49 171 
18 53 173 
17 54 147 
16 56 149 
19 51 169 
18 51 165 
18 52 156 
19 58 155 
19 58 153 
19 57 151 
17 56 154 
19 56 156 
19 54 169 
16 58 145 
17 53 150 
19 56 165 
17 49 168 
16 54 152 
19 54 161 
18 53 154 
17 53 149 
19 55 171 
15 50 167 
17 52 173 
15 50 169 
18 55 172 
19 56 170 
17 55 175 
16 54 169 
16 51 166 
17 57 171 
17 54 169 
18 52 172 
19 54 171 
17 57 170 
16 52 161 
15 52 153 
15 52 152 
18 53 174 
19 56 169 
18 52 177 
17 56 173 
19 48 164 
19 49 162 
19 48 163 
19 48 165 
18 56 154 
18 55 152 
18 56 163 
18 56 169 
16 52 167 
16 54 164 
16 51 165 
16 55 168 
16 55 167 
19 49 160 
18 56 151 
18 52 175 
18 52 171 
17 55 167 
16 54 165 
16 55 163 
18 56 147 
17 53 168 
17 54 165 
19 54 174 
17 54 166 
16 57 148 
17 53 167 
17 52 153 
17 55 163 
18 55 159 
18 52 173 
16 54 161 
17 53 173 
19 51 155 
16 50 168 
19 51 156 
15 54 157 
16 53 160 
15 51 155 
15 51 154 
17 53 148 
16 56 151 
18 49 155 
16 53 149 
16 57 162 
19 53 155 
18 51 156 
19 56 155 
16 56 163 
17 56 156 
16 50 170 
17 55 162 
18 54 175 
17 55 161 
19 58 154 
19 56 154 
19 57 153 
16 51 169 
16 55 161 
18 56 150 
15 50 168 
16 52 166 
16 55 162 
17 56 159 
17 57 156 
17 58 154 
16 59 155 
17 50 175 
16 59 156 
16 58 158 
17 57 148 
16 60 156 
16 58 159 
19 55 172 
19 55 173 
17 56 160 
15 49 173 
15 49 171 
17 49 177 
17 56 158 
18 57 151 
17 53 169 
17 57 157 
17 52 172 
19 59 150 
17 51 174 
16 51 170 
19 59 152 
17 52 171 
19 54 152 
16 54 166 
19 53 149 
17 57 152 
18 56 168 
17 57 151 
18 57 161 
18 58 158 
19 57 160 
19 56 158 
18 57 162 
17 58 150 
17 55 168 
19 57 165 
16 59 152 
17 59 147 
16 60 153 
16 58 154 
17 59 151 
17 58 149 
17 52 175 
18 57 160 
18 57 165 
17 57 162 
18 58 159 
18 52 176 
19 56 168 
18 55 161 
15 55 154 
13 90 96 
15 88 90 
17 76 91 
15 92 89 
15 87 91 
13 80 92 
14 73 91 
14 68 97 
15 40 152 
15 95 89 
15 89 89 
13 79 90 
13 81 91 
14 72 92 
14 64 99 
14 26 209 
15 20 249 
16 20 247 
16 100 92 
15 98 91 
15 86 89 
16 82 87 
16 76 90 
14 72 96 
14 47 137 
17 24 248 
18 23 246 
18 23 248 
18 23 247 
15 93 90 
15 90 88 
13 83 89 
13 82 90 
14 72 95 
16 66 96 
16 30 196 
18 22 250 
15 24 251 
15 31 199 
15 61 100 
17 59 108 
16 99 93 
15 96 93 
15 91 87 
13 85 87 
16 78 88 
16 76 91 
15 53 125 
15 25 247 
16 25 247 
16 23 254 
13 48 144 
15 58 105 
17 61 104 
16 65 102 
14 76 97 
13 76 97 
14 103 94 
15 97 92 
15 97 87 
15 95 86 
14 84 88 
14 74 93 
16 38 183 
16 23 255 
14 26 253 
14 29 225 
16 66 104 
15 60 102 
16 68 102 
16 71 97 
14 75 95 
14 78 95 
16 101 91 
15 99 90 
15 102 90 
15 93 85 
13 64 115 
15 29 246 
16 24 254 
13 46 161 
13 70 106 
14 65 102 
16 69 100 
13 75 99 
13 79 94 
14 82 90 
16 102 90 
16 103 89 
16 104 88 
15 98 86 
16 94 87 
15 86 92 
13 46 160 
21 19 255 
13 63 117 
14 70 102 
16 67 103 
16 70 99 
13 75 98 
13 80 93 
13 88 84 
14 36 201 
16 73 94 
15 71 100 
15 96 90 
15 99 88 
14 97 89 
13 83 92 
14 72 99 
15 71 101 
14 69 100 
13 74 100 
13 78 95 
14 82 93 
14 83 92 
16 105 90 
15 103 89 
14 99 88 
15 94 84 
13 85 90 
13 71 100 
13 72 99 
15 84 91 
15 100 89 
16 103 87 
15 100 87 
16 102 85 
15 100 84 
15 82 96 
15 81 98 
15 78 98 
15 81 97 
13 77 96 
14 84 91 
17 101 86 
15 99 85 
15 101 83 
15 87 97 
16 80 96 
15 79 97 
15 84 94 
15 83 92 
15 100 92 
15 101 88 
15 85 99 
15 86 98 
13 78 91 
16 106 87 
15 96 88 
15 94 95 
15 88 102 
15 83 95 
14 85 90 
15 101 86 
15 90 99 
15 91 98 
15 85 96 
15 87 94 
15 94 87 
15 89 100 
15 88 93 
15 103 87 
13 89 97 
13 82 93 
15 90 91 
15 91 90 
15 90 93 
15 88 101 
15 88 96 
14 89 92 
14 106 89 
14 104 91 
14 103 92 
17 97 84 
17 94 87 
16 84 97 
15 83 102 
15 84 100 
15 89 95 
15 82 99 
14 103 87 
17 96 85 
17 91 90 
16 85 99 
15 83 101 
15 83 98 
15 84 97 
15 81 101 
15 82 100 
16 86 95 
16 96 85 
16 98 86 
14 80 99 
14 82 100 
15 85 93 
16 95 86 
14 79 100 
14 80 102 
14 81 104 
15 81 94 
15 86 95 
14 80 93 
15 89 92 
15 80 99 
16 87 94 
14 79 94 
15 93 88 
15 78 104 
15 76 107 
15 78 105 
15 76 108 
15 82 103 
15 77 103 
15 75 105 
15 78 102 
15 80 102 
16 78 104 
15 78 101 
110 20 76 
114 17 75 
114 16 80 
108 16 78 
114 17 74 
135 7 76 
150 4 70 
150 7 72 
105 14 75 
105 13 76 
105 7 77 
160 10 77 
174 16 78 
176 25 81 
175 34 83 
178 42 86 
0 35 87 
6 42 86 
4 46 84 
2 47 87 
4 46 88 
105 19 80 
90 10 77 
100 10 78 
168 16 79 
175 36 86 
178 51 90 
0 64 96 
0 70 102 
2 76 101 
3 79 100 
4 82 103 
4 83 104 
4 83 105 
4 84 106 
102 16 78 
90 13 78 
120 3 76 
176 22 80 
178 50 87 
0 70 95 
1 83 101 
2 90 105 
3 96 111 
3 99 111 
3 99 113 
3 101 114 
3 100 112 
3 100 110 
3 102 115 
120 6 79 
90 6 79 
84 16 81 
0 0 78 
177 30 77 
179 60 93 
0 80 102 
2 97 105 
3 99 106 
3 101 109 
4 104 115 
4 103 114 
3 102 113 
3 102 112 
3 103 111 
105 12 82 
90 6 80 
90 3 79 
0 16 80 
178 45 85 
179 73 98 
2 96 104 
2 100 107 
5 105 109 
5 107 112 
5 103 114 
5 102 113 
3 105 104 
4 134 78 
4 120 81 
107 23 77 
96 17 75 
90 14 75 
90 3 77 
176 26 80 
179 57 90 
2 98 109 
3 106 111 
3 107 112 
5 108 106 
5 108 111 
5 101 114 
3 93 115 
3 114 87 
4 138 61 
4 132 58 
107 22 81 
95 20 78 
90 17 77 
0 6 79 
0 33 84 
3 102 110 
4 106 116 
5 103 116 
3 98 109 
3 93 107 
3 126 67 
2 128 50 
96 16 80 
95 19 79 
90 10 78 
0 13 79 
2 72 99 
6 111 110 
3 104 110 
3 102 108 
2 94 111 
2 91 95 
2 112 57 
2 97 50 
96 17 77 
96 16 79 
83 12 83 
0 3 83 
3 26 87 
3 54 89 
4 82 96 
5 109 110 
5 106 113 
3 105 114 
3 104 108 
3 92 111 
3 102 80 
3 108 52 
4 71 61 
96 15 83 
84 16 79 
0 0 81 
6 15 87 
2 38 87 
3 64 92 
4 85 102 
3 97 105 
3 103 109 
5 111 113 
5 104 115 
5 106 115 
4 108 109 
5 93 107 
5 116 68 
7 122 46 
8 83 49 
96 16 78 
100 9 82 
0 0 82 
0 18 86 
4 47 87 
2 72 96 
3 90 102 
4 97 108 
5 103 109 
5 108 116 
7 108 109 
5 110 109 
4 99 100 
6 118 56 
8 100 41 
4 76 47 
100 9 87 
170 9 85 
177 26 87 
2 55 88 
4 82 99 
3 89 109 
4 97 110 
5 102 112 
5 103 111 
4 105 107 
4 105 90 
5 117 50 
9 85 42 
107 22 82 
135 6 88 
174 14 88 
178 37 89 
1 63 93 
4 88 99 
3 98 107 
5 109 112 
4 108 116 
4 100 102 
4 112 73 
5 102 50 
6 62 41 
100 9 86 
160 8 91 
177 25 91 
0 47 92 
2 70 95 
3 90 99 
6 105 112 
4 100 120 
3 92 114 
4 94 92 
5 110 58 
9 83 43 
7 55 42 
107 22 83 
150 3 80 
168 14 90 
177 30 94 
0 52 94 
3 75 99 
5 93 104 
4 101 106 
5 100 115 
3 93 113 
4 97 79 
8 101 48 
9 85 39 
9 46 39 
101 25 83 
105 18 86 
135 6 85 
178 41 93 
3 65 94 
4 83 98 
3 96 106 
5 99 111 
5 101 111 
3 96 114 
3 96 119 
6 102 65 
10 85 45 
13 55 42 
101 24 85 
114 15 85 
150 6 85 
170 17 88 
177 50 92 
1 72 95 
3 85 102 
4 100 107 
5 107 110 
5 104 110 
3 100 115 
2 95 102 
6 113 54 
13 73 42 
13 53 43 
103 22 80 
100 18 84 
173 23 88 
0 50 96 
2 80 99 
2 92 105 
5 104 113 
2 96 111 
3 98 91 
6 101 48 
12 59 43 
21 44 41 
95 18 83 
0 6 87 
0 32 87 
0 65 94 
2 87 100 
3 100 105 
4 105 109 
5 105 114 
4 110 114 
3 95 107 
4 106 70 
7 99 44 
17 45 40 
42 30 42 
100 10 76 
105 18 85 
96 15 87 
175 17 88 
178 48 91 
0 71 97 
3 105 112 
3 101 116 
3 97 110 
2 88 104 
2 118 56 
5 88 49 
17 42 43 
107 20 88 
176 20 88 
177 62 91 
2 82 99 
3 97 108 
3 104 113 
4 109 115 
5 102 118 
2 90 111 
2 83 95 
1 108 52 
4 80 48 
12 31 41 
95 18 85 
90 15 83 
120 6 83 
175 34 90 
177 70 98 
3 105 117 
4 115 113 
2 83 110 
2 90 74 
2 99 49 
7 72 46 
15 25 41 
178 47 87 
1 78 101 
3 98 104 
4 107 114 
4 113 113 
4 107 117 
3 86 98 
4 101 58 
4 75 51 
10 49 47 
15 23 44 
95 18 84 
110 9 86 
0 0 84 
0 17 89 
3 59 90 
3 90 105 
3 101 106 
4 108 111 
4 111 113 
3 98 117 
3 94 111 
3 94 84 
5 105 46 
5 68 49 
15 44 46 
30 17 45 
96 16 82 
0 12 88 
3 34 89 
4 76 90 
4 100 105 
3 105 107 
4 109 112 
3 105 109 
3 94 108 
4 103 74 
5 85 51 
8 56 50 
13 38 47 
100 9 85 
4 21 87 
4 58 92 
4 89 97 
2 102 112 
3 107 110 
3 108 118 
4 107 119 
2 91 101 
4 98 57 
8 67 46 
17 38 47 
24 28 45 
90 6 87 
100 9 89 
150 3 85 
0 33 86 
3 72 96 
3 98 102 
3 108 111 
4 112 112 
4 111 117 
4 96 88 
8 61 50 
17 41 44 
96 15 84 
96 15 86 
0 8 90 
0 49 94 
1 83 104 
2 104 108 
4 114 114 
4 112 116 
5 107 114 
4 89 109 
4 102 75 
7 92 47 
10 47 49 
6 28 46 
176 20 90 
179 65 94 
0 98 107 
2 108 113 
5 114 112 
4 111 115 
4 106 115 
4 96 111 
4 86 101 
4 102 55 
6 81 44 
11 43 48 
5 30 51 
90 16 81 
0 23 87 
1 72 96 
2 103 106 
2 107 114 
6 111 113 
5 113 117 
5 112 116 
5 87 111 
4 82 87 
6 105 46 
9 51 50 
17 34 53 
5 29 53 
10 9 84 
4 40 89 
3 81 95 
3 106 106 
2 113 111 
4 108 113 
4 87 100 
5 85 72 
8 87 47 
10 46 50 
17 36 49 
6 26 50 
98 11 89 
0 6 84 
0 21 86 
5 52 89 
3 111 115 
4 110 116 
3 103 114 
4 78 108 
4 88 61 
6 78 46 
11 41 50 
8 25 41 
90 6 83 
0 12 84 
5 33 92 
3 59 95 
4 88 98 
5 114 114 
3 97 113 
3 90 110 
4 81 95 
5 91 56 
10 50 46 
11 42 49 
100 17 88 
90 3 82 
0 18 87 
0 39 91 
2 69 93 
3 89 103 
4 102 110 
3 88 102 
6 82 81 
7 90 48 
15 45 45 
20 32 48 
98 12 87 
150 3 84 
2 56 87 
2 79 97 
3 96 104 
4 116 112 
5 108 113 
4 101 109 
6 103 62 
10 51 45 
20 36 43 
30 27 47 
120 3 84 
165 12 84 
175 36 85 
2 89 100 
3 106 113 
5 93 110 
4 89 95 
6 118 54 
5 81 57 
5 58 53 
9 52 49 
8 48 58 
0 6 88 
178 46 89 
0 73 98 
2 101 109 
3 111 108 
4 113 115 
5 102 108 
4 90 110 
5 96 88 
6 121 57 
5 73 66 
6 61 63 
4 62 58 
4 64 56 
0 3 86 
173 12 88 
177 28 90 
0 55 88 
2 92 108 
6 109 82 
6 88 81 
9 72 74 
9 65 67 
9 50 72 
174 14 93 
175 17 92 
175 37 90 
179 62 90 
2 83 102 
4 99 108 
5 108 109 
5 105 112 
5 104 91 
6 92 91 
7 79 87 
7 74 89 
6 74 86 
170 17 91 
173 25 91 
178 42 91 
0 61 92 
2 79 103 
4 98 109 
5 104 108 
4 102 118 
4 94 114 
4 93 115 
5 91 109 
6 87 111 
4 86 113 
3 89 115 
165 12 88 
167 19 93 
175 33 93 
177 60 93 
1 74 97 
6 91 106 
6 102 107 
5 102 110 
4 104 113 
5 102 115 
5 99 118 
3 95 121 
2 96 120 
21 91 73 
19 107 74 
19 87 82 
20 110 58 
21 93 63 
22 60 93 
24 62 82 
20 99 77 
20 99 75 
21 111 62 
22 103 57 
22 88 67 
25 72 67 
28 66 66 
32 72 60 
22 110 67 
20 101 68 
23 86 74 
20 100 64 
20 93 66 
22 92 61 
26 86 62 
27 98 57 
20 94 81 
20 106 72 
19 104 71 
19 99 75 
19 110 67 
19 96 74 
23 112 57 
22 143 41 
23 82 75 
23 103 62 
17 120 70 
17 122 69 
17 115 73 
17 124 66 
20 123 62 
22 102 65 
22 117 59 
21 115 62 
21 117 63 
19 130 61 
17 126 67 
17 119 71 
17 127 66 
18 109 75 
20 140 62 
21 124 66 
19 113 63 
19 118 67 
19 101 78 
19 131 66 
20 133 67 
19 119 73 
19 129 65 
21 143 59 
19 133 65 
19 127 66 
19 124 64 
18 105 73 
19 98 73 
19 110 65 
19 130 55 
22 118 56 
23 136 47 
17 112 75 
17 128 68 
19 122 73 
19 128 68 
20 99 85 
19 101 71 
19 86 83 
20 121 61 
22 146 47 
23 125 51 
22 98 65 
21 97 63 
17 131 66 
17 124 68 
18 119 75 
19 144 62 
21 138 59 
21 122 69 
20 113 70 
21 112 66 
19 121 59 
20 130 53 
19 112 64 
19 81 88 
21 142 52 
21 119 58 
20 86 65 
22 92 64 
17 109 77 
17 99 85 
18 124 70 
19 142 63 
20 143 59 
19 128 60 
21 130 57 
21 85 87 
20 105 63 
20 106 60 
22 111 53 
21 102 60 
23 86 59 
18 124 68 
17 117 74 
18 132 62 
19 139 66 
20 140 60 
21 126 65 
19 98 81 
19 193 41 
18 109 70 
19 88 81 
18 150 51 
19 102 70 
20 100 66 
20 81 69 
20 110 51 
20 100 56 
21 85 57 
17 105 80 
18 135 68 
18 122 73 
20 121 74 
20 131 68 
20 132 62 
19 93 85 
19 91 87 
18 90 85 
19 127 56 
18 132 58 
17 151 49 
19 108 64 
18 105 61 
20 81 72 
19 90 62 
19 86 62 
21 82 59 
17 111 76 
16 99 85 
17 149 58 
18 126 73 
21 114 76 
20 128 68 
19 119 71 
19 99 80 
18 121 63 
19 108 66 
19 138 50 
19 115 60 
17 98 68 
18 86 68 
18 90 65 
18 75 75 
19 80 67 
21 93 55 
19 72 60 
17 129 65 
17 124 72 
16 123 77 
18 146 63 
17 124 74 
20 114 76 
20 117 70 
19 100 79 
18 91 84 
18 103 74 
18 114 58 
19 119 58 
18 100 61 
18 109 56 
18 91 67 
18 84 70 
19 84 67 
22 82 59 
19 75 58 
18 117 72 
17 136 71 
19 131 70 
19 138 70 
20 127 70 
19 110 72 
18 116 68 
19 103 69 
18 100 66 
18 127 52 
18 147 45 
18 93 63 
18 105 56 
19 118 52 
20 88 67 
19 99 62 
20 90 62 
25 72 60 
17 140 69 
18 148 62 
19 145 67 
20 151 59 
19 120 68 
18 107 74 
17 106 72 
17 99 77 
18 67 87 
18 92 64 
18 115 51 
18 73 80 
20 99 62 
21 83 74 
23 82 56 
18 112 73 
18 115 73 
18 128 68 
18 127 70 
17 129 69 
17 137 67 
19 146 68 
18 140 60 
18 113 72 
18 101 73 
18 105 68 
18 63 93 
18 95 62 
20 106 58 
20 97 66 
21 96 69 
21 81 76 
21 88 67 
23 88 61 
26 75 58 
17 136 62 
18 129 67 
18 133 65 
18 122 75 
18 111 85 
19 140 69 
19 131 72 
17 115 71 
17 116 68 
18 110 67 
19 98 70 
18 85 72 
20 102 65 
21 90 68 
21 76 77 
23 76 67 
25 57 76 
17 120 68 
17 143 59 
19 113 79 
19 102 90 
19 126 69 
17 118 69 
17 130 61 
17 108 66 
17 110 65 
17 107 67 
19 101 68 
19 89 77 
19 93 66 
19 80 70 
20 84 67 
22 90 51 
17 110 74 
17 101 81 
17 113 72 
19 134 61 
19 152 52 
19 116 68 
19 112 73 
19 124 66 
19 136 60 
19 112 80 
19 139 64 
19 114 78 
17 117 70 
17 100 69 
16 92 75 
15 84 73 
16 78 72 
19 75 75 
21 80 67 
23 63 81 
17 105 78 
17 138 59 
17 101 83 
19 116 75 
15 107 79 
17 122 67 
16 94 84 
15 108 73 
16 96 72 
17 93 63 
23 70 73 
23 106 48 
17 105 75 
17 111 71 
20 132 58 
20 104 81 
20 138 61 
20 109 77 
20 103 82 
21 122 67 
17 134 63 
15 100 79 
13 110 67 
16 94 73 
23 82 62 
18 94 81 
19 109 70 
19 130 63 
21 125 59 
21 123 62 
20 108 78 
21 107 76 
19 114 74 
17 109 75 
17 130 63 
16 102 75 
19 106 65 
20 95 67 
25 85 57 
19 108 71 
18 124 64 
22 124 64 
23 136 62 
22 126 69 
17 112 73 
17 107 76 
18 106 72 
19 90 79 
19 115 69 
19 126 65 
20 111 69 
19 131 64 
18 113 70 
20 99 72 
18 108 73 
19 132 60 
18 116 66 
24 81 66 
20 118 56 
19 88 78 
19 99 72 
19 119 60 
19 105 75 
19 111 69 
17 99 75 
18 111 69 
18 108 71 
24 82 65 
20 85 75 
20 87 73 
19 97 71 
20 117 61 
18 118 69 
18 120 64 
17 109 70 
17 98 73 
19 92 75 
17 84 76 
19 100 69 
26 88 58 
19 112 50 
19 140 40 
18 120 49 
20 163 39 
22 138 48 
22 135 49 
22 170 39 
22 127 52 
22 151 44 
18 118 65 
18 120 66 
18 113 68 
18 109 68 
18 114 67 
17 118 65 
17 112 64 
18 97 71 
17 87 73 
20 83 68 
20 73 77 
24 75 71 
24 76 67 
20 98 60 
21 85 69 
21 122 50 
21 113 54 
22 116 55 
22 128 50 
19 112 66 
17 104 71 
17 125 59 
16 132 58 
16 115 62 
17 103 69 
17 101 63 
17 94 68 
19 94 65 
19 89 63 
20 77 66 
21 75 65 
25 73 59 
18 78 75 
18 88 64 
18 83 71 
20 79 71 
21 75 71 
21 86 71 
20 90 71 
21 93 71 
20 96 72 
19 104 66 
17 112 66 
17 100 74 
16 93 74 
16 93 71 
17 90 71 
18 81 72 
19 76 70 
18 74 69 
19 70 62 
24 64 64 
25 70 62 
24 67 61 
20 76 77 
19 72 78 
19 79 71 
20 76 74 
21 93 66 
22 97 66 
20 94 68 
20 98 68 
19 96 72 
17 103 67 
17 93 74 
16 92 72 
17 97 66 
18 90 68 
18 88 67 
21 92 64 
20 80 67 
18 69 74 
20 65 71 
21 57 71 
23 64 64 
24 66 62 
24 60 64 
20 74 76 
20 72 78 
20 69 78 
19 70 76 
20 77 73 
21 86 68 
23 94 65 
18 99 67 
19 113 61 
18 93 66 
18 85 69 
18 89 66 
20 88 64 
20 66 70 
21 59 69 
22 59 65 
24 62 58 
23 52 64 
19 75 71 
19 82 65 
18 95 59 
18 75 78 
21 84 73 
21 96 64 
18 92 72 
18 100 69 
19 98 65 
19 95 67 
20 78 72 
21 75 68 
22 52 74 
26 53 67 
25 54 57 
20 81 63 
17 76 70 
19 92 58 
19 78 69 
23 76 74 
23 79 68 
23 77 66 
22 78 72 
20 85 78 
20 86 77 
19 92 69 
20 91 70 
20 86 74 
20 90 68 
19 66 81 
21 52 78 
20 52 73 
27 49 57 
16 84 58 
16 77 63 
22 78 62 
28 78 49 
26 85 48 
25 80 54 
21 87 56 
20 89 72 
22 98 68 
22 86 77 
22 93 71 
21 96 72 
20 97 63 
19 71 79 
19 52 84 
18 47 82 
23 51 60 
14 138 85 
15 133 92 
15 154 81 
15 140 93 
15 120 108 
15 183 71 
15 186 74 
15 145 95 
14 139 103 
16 144 103 
15 143 105 
15 134 118 
15 150 107 
15 145 114 
15 156 108 
15 159 106 
15 160 105 
15 145 116 
15 157 107 
15 170 99 
15 162 104 
14 143 116 
15 143 116 
15 149 113 
15 152 111 
15 154 109 
15 149 116 
15 129 89 
15 129 101 
16 125 106 
15 117 111 
16 160 83 
15 142 97 
15 117 118 
14 141 101 
16 133 111 
15 120 128 
15 125 126 
15 153 107 
15 130 126 
15 136 122 
15 144 117 
15 135 125 
15 136 124 
15 130 129 
15 128 132 
15 134 126 
15 127 133 
15 128 131 
15 139 121 
15 135 123 
14 132 124 
15 168 73 
16 142 88 
16 128 100 
16 114 116 
16 171 79 
15 153 90 
14 129 111 
14 130 108 
15 138 107 
15 145 109 
15 146 108 
15 140 115 
15 155 105 
16 148 110 
15 124 132 
15 153 108 
15 153 110 
15 146 115 
15 143 118 
15 154 111 
16 151 113 
15 138 122 
14 137 119 
14 136 120 
16 141 87 
16 139 90 
16 140 93 
16 129 103 
16 154 88 
15 170 81 
15 139 99 
14 125 114 
14 131 111 
15 139 108 
15 135 117 
15 133 119 
15 135 121 
15 138 116 
15 143 112 
15 146 112 
15 150 112 
15 139 119 
15 140 120 
15 133 127 
15 144 110 
15 136 116 
14 135 119 
16 148 81 
16 134 93 
16 130 98 
16 141 94 
16 140 95 
16 135 106 
16 138 109 
16 151 105 
16 137 115 
17 154 101 
16 139 114 
16 141 112 
15 141 110 
15 137 123 
15 165 102 
15 148 114 
15 127 129 
15 139 114 
15 140 113 
15 137 115 
16 146 82 
16 145 86 
15 143 89 
16 127 104 
16 125 104 
15 173 75 
15 137 99 
16 138 102 
16 145 102 
16 149 106 
16 131 121 
16 147 111 
15 150 109 
15 152 106 
15 141 112 
15 148 110 
15 157 109 
15 147 109 
15 127 124 
16 114 105 
16 125 98 
15 123 102 
16 109 117 
15 123 106 
15 144 90 
15 132 104 
16 138 105 
16 141 107 
17 133 121 
16 127 124 
16 130 124 
15 125 131 
15 137 119 
15 121 131 
15 113 145 
15 162 101 
15 142 115 
15 126 134 
15 132 124 
15 116 138 
15 119 133 
15 129 123 
15 124 128 
15 132 120 
15 157 73 
15 144 85 
15 141 87 
15 129 97 
15 194 67 
15 171 79 
15 146 94 
16 157 94 
16 135 113 
15 144 113 
15 158 105 
15 163 100 
15 165 99 
15 153 105 
15 148 107 
15 158 100 
15 154 103 
15 152 104 
15 135 85 
15 136 88 
15 118 104 
15 133 94 
16 102 122 
15 171 76 
16 133 100 
16 126 111 
16 125 118 
16 125 122 
15 143 114 
15 133 123 
16 128 129 
16 138 118 
15 147 111 
15 129 127 
15 127 130 
15 119 137 
16 140 113 
16 133 121 
15 122 130 
16 136 86 
15 133 90 
15 139 90 
16 172 77 
16 168 79 
16 159 90 
16 157 96 
16 159 98 
15 160 102 
16 163 102 
16 149 111 
16 159 104 
16 155 105 
16 139 117 
15 167 99 
15 154 104 
16 167 96 
16 172 95 
15 167 98 
15 149 108 
15 151 105 
15 155 102 
15 149 106 
16 124 97 
16 137 91 
16 99 131 
17 164 84 
17 151 91 
17 136 105 
16 150 100 
16 133 119 
16 135 123 
16 135 125 
16 141 119 
16 134 124 
16 134 126 
15 123 131 
15 128 128 
15 134 122 
15 116 136 
15 132 122 
15 124 127 
15 131 119 
15 150 80 
16 146 84 
16 121 105 
16 173 78 
17 172 80 
17 148 98 
16 162 96 
16 158 100 
16 148 112 
15 153 113 
16 153 112 
15 147 113 
15 139 117 
15 141 114 
15 157 104 
15 156 103 
15 142 113 
15 159 101 
15 153 102 
15 135 89 
16 139 88 
16 115 111 
15 165 79 
17 129 113 
17 141 110 
17 137 117 
16 139 119 
16 137 121 
15 134 120 
15 131 121 
15 136 118 
15 135 119 
15 134 116 
15 144 108 
16 164 73 
16 142 86 
16 125 100 
16 147 85 
16 166 80 
16 156 90 
16 155 97 
16 153 102 
16 155 107 
16 145 118 
16 147 116 
16 144 115 
15 151 108 
15 145 111 
16 134 118 
16 145 107 
16 139 110 
16 134 114 
16 146 105 
16 166 72 
16 138 87 
15 117 105 
16 130 96 
15 149 87 
15 126 107 
15 137 106 
15 125 120 
15 163 103 
16 137 125 
16 151 115 
15 167 101 
16 139 123 
14 141 116 
14 131 125 
14 127 122 
14 129 121 
15 137 117 
16 137 117 
16 143 112 
16 136 120 
16 130 118 
17 143 80 
16 119 101 
16 136 88 
16 115 106 
16 128 98 
16 154 83 
15 140 95 
14 130 106 
14 138 105 
16 142 120 
16 136 126 
16 146 117 
16 115 148 
14 125 131 
14 117 139 
14 133 123 
14 135 121 
14 138 116 
15 126 123 
16 138 83 
15 103 111 
15 163 75 
15 133 100 
15 146 98 
15 151 98 
15 129 121 
16 158 108 
16 156 108 
16 146 115 
15 169 98 
15 149 111 
15 150 104 
14 145 107 
14 140 111 
14 136 116 
14 148 107 
14 144 108 
14 151 103 
14 154 101 
15 139 79 
15 121 93 
15 117 100 
15 108 113 
15 155 79 
16 144 85 
15 130 100 
15 120 113 
14 117 122 
14 125 116 
14 121 126 
15 132 118 
15 123 129 
15 126 125 
15 126 121 
15 120 123 
14 123 116 
14 122 119 
13 118 123 
14 116 125 
14 114 128 
14 135 108 
15 126 119 
15 124 121 
15 142 77 
15 123 93 
16 106 113 
15 161 76 
16 151 83 
16 137 93 
14 122 113 
13 147 97 
13 129 111 
14 143 102 
15 147 99 
15 146 96 
14 131 109 
14 129 107 
14 135 102 
14 116 119 
13 129 107 
13 127 108 
14 135 104 
14 136 101 
15 148 95 
15 131 107 
16 143 105 
15 127 88 
15 127 92 
16 121 99 
16 103 116 
16 139 86 
14 136 94 
14 107 119 
15 122 111 
15 113 120 
14 108 128 
15 105 134 
14 107 129 
14 105 131 
15 95 139 
16 95 134 
16 97 132 
15 97 134 
15 99 134 
15 97 137 
14 95 139 
14 95 137 
15 90 136 
15 92 136 
16 91 138 
15 93 140 
15 115 118 
16 120 121 
16 124 123 
15 149 70 
15 153 70 
16 119 92 
17 108 106 
16 174 69 
15 142 90 
14 123 104 
14 138 96 
14 138 94 
15 107 121 
15 93 134 
16 83 142 
16 62 188 
18 121 93 
18 127 86 
18 134 82 
18 127 88 
17 121 95 
17 152 72 
16 147 73 
16 118 91 
17 90 113 
18 98 102 
19 143 75 
18 138 85 
17 124 103 
18 141 96 
17 129 109 
14 117 83 
15 107 95 
15 114 94 
15 82 134 
15 116 99 
15 138 89 
14 128 100 
14 120 106 
14 105 122 
15 129 93 
14 101 116 
14 104 105 
17 81 119 
16 71 140 
18 95 97 
18 97 97 
18 100 92 
18 99 93 
17 101 96 
17 102 95 
17 89 109 
18 87 106 
18 106 94 
17 114 98 
17 117 105 
17 112 116 
17 115 120 
16 121 122 
15 128 74 
14 98 99 
16 110 93 
15 150 73 
16 163 75 
15 152 82 
14 147 87 
14 132 89 
14 129 89 
14 98 107 
14 106 94 
14 100 97 
14 91 106 
16 95 97 
14 97 95 
14 96 96 
15 95 91 
16 93 90 
16 93 99 
15 102 105 
15 137 95 
14 130 110 
16 155 99 
14 107 86 
15 91 107 
16 89 115 
15 120 91 
15 120 96 
15 132 93 
15 119 103 
14 104 113 
14 100 112 
14 95 113 
14 67 148 
16 61 150 
15 49 184 
15 73 123 
13 88 98 
14 90 99 
13 95 97 
14 100 94 
15 104 91 
15 112 80 
15 80 111 
16 72 128 
17 78 124 
15 123 85 
14 133 88 
13 111 120 
15 122 121 
14 133 73 
16 121 84 
15 122 86 
15 114 96 
14 146 77 
15 133 86 
15 125 92 
14 104 108 
14 118 95 
14 126 85 
15 88 110 
17 73 119 
16 67 130 
15 77 109 
15 96 96 
15 108 85 
15 93 101 
15 105 90 
16 100 89 
17 90 99 
17 83 114 
17 105 95 
16 137 80 
15 126 101 
15 141 94 
15 131 103 
16 132 108 
16 128 80 
15 124 84 
15 117 94 
16 112 98 
15 134 78 
15 129 81 
15 111 94 
15 109 98 
14 125 90 
14 108 106 
15 97 110 
16 87 111 
15 87 108 
14 91 107 
14 91 109 
14 91 112 
15 94 111 
15 101 106 
15 97 108 
16 97 110 
17 102 107 
15 107 110 
14 114 112 
15 116 114 
15 125 108 
16 143 73 
15 128 82 
15 91 112 
15 121 84 
15 124 82 
15 107 98 
15 108 102 
14 108 104 
14 107 107 
15 69 156 
14 57 184 
15 77 136 
13 108 97 
13 105 100 
14 108 102 
15 111 101 
15 114 98 
15 134 84 
15 85 129 
16 98 112 
15 106 108 
16 126 95 
15 128 98 
16 124 105 
15 124 109 
14 124 111 
15 121 112 
16 157 65 
16 151 66 
15 147 71 
14 96 111 
15 141 74 
15 139 75 
15 119 90 
14 112 100 
14 123 89 
15 105 100 
15 82 131 
14 125 88 
13 123 89 
15 130 86 
15 135 83 
15 117 98 
15 125 90 
15 130 92 
15 139 88 
14 152 84 
15 163 83 
14 139 101 
14 132 106 
15 134 103 
15 149 91 
15 131 76 
15 158 68 
15 89 123 
15 131 82 
14 150 75 
14 98 114 
14 109 103 
14 94 119 
14 102 110 
14 103 109 
14 105 107 
14 102 112 
14 117 100 
15 125 96 
14 117 105 
14 121 103 
14 119 111 
13 122 113 
13 116 119 
13 112 127 
14 120 117 
15 95 94 
15 116 86 
15 145 74 
16 94 114 
15 140 82 
14 142 79 
14 139 81 
14 126 89 
14 127 88 
14 132 85 
13 126 91 
14 129 87 
14 137 82 
14 126 93 
14 127 92 
15 149 82 
15 136 94 
15 142 86 
16 141 85 
15 135 91 
14 142 90 
14 143 91 
14 144 92 
14 143 93 
15 143 91 
14 133 100 
15 144 94 
17 104 96 
15 116 92 
15 101 109 
16 144 83 
15 107 107 
14 113 99 
14 96 117 
14 107 105 
14 110 102 
14 114 103 
14 113 104 
14 116 101 
14 102 115 
14 109 108 
15 98 117 
14 100 117 
14 107 110 
14 114 105 
14 112 105 
15 115 106 
15 109 112 
16 107 117 
15 106 123 
17 119 75 
16 150 68 
15 113 97 
17 126 91 
16 129 93 
14 121 93 
14 119 94 
14 123 91 
14 130 86 
14 122 92 
14 122 90 
14 114 98 
13 109 98 
13 116 92 
13 119 90 
13 123 93 
14 125 94 
13 126 95 
14 129 99 
15 125 100 
16 135 91 
16 101 86 
16 120 85 
17 128 82 
17 113 102 
17 139 88 
16 116 103 
15 115 100 
15 103 104 
15 91 115 
14 86 116 
14 79 119 
14 76 124 
13 66 139 
13 65 146 
12 62 152 
12 64 147 
12 67 141 
13 77 122 
13 80 127 
14 82 133 
15 88 131 
15 109 115 
15 124 101 
15 139 92 
16 119 77 
17 151 66 
17 108 104 
17 141 87 
14 134 84 
15 147 73 
15 123 77 
15 124 72 
14 108 78 
14 63 122 
13 64 120 
11 62 123 
13 65 117 
14 60 120 
14 103 69 
16 107 76 
16 124 78 
15 152 72 
15 120 102 
14 133 96 
15 125 102 
16 89 95 
18 121 74 
17 120 81 
17 103 106 
17 170 72 
15 129 95 
14 108 111 
14 116 99 
14 102 100 
14 97 100 
15 94 98 
16 97 87 
14 82 87 
14 85 87 
15 92 86 
13 84 88 
13 79 97 
13 88 87 
15 94 100 
15 109 101 
15 116 103 
16 120 106 
15 113 117 
17 72 110 
18 104 88 
17 103 109 
17 163 75 
17 151 81 
17 132 93 
15 121 99 
14 111 101 
15 114 92 
14 105 92 
16 84 91 
16 53 129 
16 52 132 
16 52 133 
15 65 110 
14 66 105 
13 63 109 
14 73 94 
15 87 103 
15 98 107 
16 101 111 
16 124 99 
16 135 96 
16 65 125 
17 146 70 
17 99 116 
17 153 80 
16 122 96 
15 116 101 
14 120 96 
15 127 84 
16 137 67 
17 112 57 
16 70 84 
17 37 171 
18 42 152 
18 43 142 
18 60 98 
16 63 89 
15 64 95 
15 114 58 
15 98 78 
16 128 68 
14 213 43 
15 119 92 
17 119 101 
16 133 96 
15 126 105 
17 177 59 
17 95 121 
18 147 80 
18 145 81 
18 106 111 
17 132 87 
15 122 94 
16 109 98 
17 97 100 
17 93 88 
16 79 90 
17 72 81 
18 72 78 
18 66 85 
18 67 92 
17 64 91 
18 60 94 
18 71 79 
17 75 85 
16 97 76 
16 104 98 
15 83 132 
17 106 115 
16 123 104 
15 110 118 
17 103 111 
18 140 84 
18 133 88 
17 140 82 
14 121 95 
15 140 80 
16 119 86 
16 75 98 
17 65 98 
18 58 106 
18 55 106 
16 55 112 
15 59 103 
17 60 107 
17 68 108 
15 75 115 
14 81 119 
15 96 111 
15 97 113 
17 144 85 
15 134 97 
14 117 85 
15 146 75 
15 109 108 
17 125 98 
18 135 87 
17 150 80 
17 125 96 
15 110 107 
15 126 89 
15 125 86 
15 131 72 
15 111 76 
15 99 77 
16 97 71 
17 98 65 
17 77 86 
17 65 106 
15 66 109 
17 76 107 
14 109 89 
15 120 83 
14 192 53 
15 141 78 
15 121 105 
13 119 86 
14 148 76 
16 114 107 
17 161 76 
17 155 79 
14 128 96 
14 121 97 
15 108 99 
15 111 83 
16 110 79 
17 100 79 
18 90 79 
19 86 80 
17 96 77 
15 98 81 
15 108 78 
16 114 76 
16 113 81 
16 126 81 
16 123 87 
16 129 83 
15 142 88 
14 130 98 
14 139 92 
12 98 107 
14 118 99 
17 136 88 
15 122 98 
15 113 106 
14 129 85 
14 107 98 
15 89 97 
14 82 99 
15 87 100 
16 91 98 
16 98 96 
17 123 79 
16 105 97 
16 103 99 
16 101 104 
16 102 105 
16 111 108 
15 115 109 
12 94 103 
17 102 115 
17 148 79 
14 168 70 
15 139 86 
15 125 94 
14 125 92 
14 116 97 
14 132 77 
14 111 87 
14 105 90 
13 123 77 
12 111 83 
12 104 88 
14 100 89 
16 112 82 
17 118 82 
17 123 81 
16 124 82 
15 125 88 
15 127 94 
15 130 94 
16 132 93 
11 80 108 
13 137 78 
13 135 83 
17 100 120 
17 169 71 
14 130 90 
14 119 103 
15 118 102 
14 99 113 
14 97 110 
14 101 104 
12 93 107 
14 92 103 
13 97 97 
13 103 87 
13 88 99 
13 93 96 
13 96 90 
14 88 98 
16 99 95 
15 103 97 
16 100 102 
15 107 100 
15 105 104 
16 112 105 
15 114 105 
12 138 74 
13 148 76 
17 107 112 
14 156 80 
14 132 93 
14 102 103 
14 113 90 
14 98 96 
12 87 105 
13 80 109 
12 72 113 
12 70 117 
13 74 117 
13 74 114 
14 73 118 
15 75 123 
16 77 122 
16 77 120 
15 86 116 
17 92 125 
15 118 97 
16 148 79 
13 135 72 
12 130 86 
16 100 122 
17 159 77 
14 118 104 
14 115 100 
15 105 102 
14 118 80 
12 108 85 
12 100 82 
13 99 80 
13 106 72 
13 108 71 
13 105 73 
14 118 67 
15 136 62 
15 141 58 
15 134 61 
15 144 62 
14 163 58 
15 185 58 
15 126 87 
15 142 81 
14 135 85 
15 121 97 
16 125 96 
16 135 89 
14 113 81 
13 137 80 
15 116 108 
17 134 93 
15 144 87 
15 120 100 
14 95 107 
14 87 108 
13 78 102 
10 75 99 
11 75 98 
13 91 84 
12 80 93 
11 79 94 
13 86 86 
13 98 83 
14 110 81 
14 110 88 
15 129 85 
15 120 89 
15 123 89 
15 122 96 
16 120 100 
14 144 78 
17 119 105 
18 132 93 
16 160 75 
16 149 84 
15 125 98 
15 114 101 
13 75 115 
13 71 108 
12 67 107 
13 67 107 
13 66 108 
13 68 105 
13 67 106 
13 69 103 
12 75 98 
13 83 101 
15 100 105 
14 105 104 
14 117 96 
14 117 98 
15 126 93 
17 96 93 
17 129 97 
18 114 107 
16 147 83 
16 120 102 
15 112 107 
14 106 96 
13 94 95 
12 83 92 
13 76 94 
13 81 85 
13 85 81 
13 88 81 
14 82 81 
14 99 67 
13 123 58 
13 130 59 
13 135 68 
14 128 78 
13 107 98 
13 114 96 
19 105 85 
17 135 85 
16 140 82 
17 105 117 
17 154 81 
17 142 86 
14 103 97 
13 101 91 
13 100 89 
13 89 89 
15 81 88 
11 86 89 
11 82 90 
12 84 82 
12 92 78 
13 92 80 
15 99 80 
15 109 77 
16 115 80 
14 119 86 
15 126 97 
19 93 96 
17 112 100 
16 118 95 
17 98 127 
17 152 84 
17 144 87 
15 137 91 
15 118 106 
16 114 103 
15 111 99 
15 83 111 
14 77 113 
13 69 111 
14 58 115 
17 50 118 
17 51 124 
15 58 124 
16 55 126 
16 51 125 
17 53 120 
16 58 123 
17 62 123 
15 68 127 
15 73 130 
14 78 124 
15 98 109 
15 112 105 
17 128 96 
16 171 67 
16 94 136 
17 147 87 
16 155 79 
17 139 90 
18 127 92 
18 126 83 
16 88 107 
15 78 78 
17 81 72 
18 77 73 
18 76 74 
16 83 74 
15 121 59 
15 149 53 
15 150 56 
16 175 54 
16 120 89 
16 126 91 
16 133 90 
17 138 89 
17 118 95 
16 92 138 
16 164 81 
17 118 106 
18 125 98 
18 111 106 
18 95 115 
17 95 116 
15 95 115 
14 88 110 
15 81 110 
15 79 107 
16 82 103 
17 85 102 
17 89 97 
17 86 101 
16 84 106 
16 83 107 
15 88 107 
14 95 102 
15 110 97 
16 112 93 
17 115 91 
17 108 99 
17 126 93 
17 126 97 
17 164 70 
16 178 63 
16 96 133 
16 170 78 
17 169 74 
17 139 86 
18 122 96 
18 130 90 
16 133 92 
15 117 107 
15 121 103 
15 122 92 
15 106 103 
15 112 96 
14 113 95 
15 115 93 
15 122 90 
17 123 93 
17 120 98 
17 133 92 
15 133 98 
16 121 101 
16 100 125 
16 149 89 
15 152 79 
16 122 98 
16 106 111 
16 112 107 
16 118 104 
16 114 110 
15 119 109 
15 134 99 
15 118 115 
15 118 110 
14 105 121 
13 115 111 
13 112 114 
13 102 120 
13 121 103 
13 113 111 
14 111 108 
17 112 107 
17 126 99 
17 113 108 
15 130 104 
16 124 107 
16 151 81 
15 130 90 
15 138 85 
16 111 103 
16 130 92 
16 122 100 
16 128 96 
15 121 101 
16 129 91 
17 119 94 
17 114 107 
17 121 105 
17 117 109 
17 123 104 
16 135 98 
16 131 101 
16 138 85 
17 103 121 
16 105 124 
15 113 99 
16 120 98 
16 100 117 
16 99 118 
17 100 115 
17 92 119 
16 89 120 
17 94 111 
16 95 113 
15 93 112 
15 93 118 
15 100 115 
15 97 118 
15 94 120 
16 101 121 
17 104 120 
17 119 107 
17 126 105 
16 125 108 
16 141 96 
17 151 83 
16 105 119 
15 115 95 
15 111 103 
17 89 129 
18 76 144 
17 105 102 
17 90 110 
17 84 115 
17 59 163 
17 69 140 
17 68 142 
16 85 120 
15 131 74 
15 129 83 
15 132 87 
16 164 76 
17 97 134 
17 133 102 
17 130 106 
17 127 108 
17 135 102 
15 87 138 
15 159 74 
16 127 88 
15 117 96 
15 108 104 
16 108 104 
17 90 119 
16 94 106 
16 87 106 
16 94 100 
17 81 114 
17 90 108 
17 94 103 
15 90 105 
14 101 96 
14 117 89 
17 117 113 
17 148 93 
17 133 107 
17 131 109 
16 86 140 
15 164 70 
16 109 103 
17 97 108 
16 80 128 
17 70 139 
16 71 130 
15 70 123 
17 74 124 
18 71 126 
16 68 131 
15 65 137 
14 70 134 
14 76 135 
14 83 136 
15 88 130 
16 96 125 
17 103 119 
17 113 113 
17 110 118 
17 127 114 
17 121 120 
17 121 118 
17 138 83 
16 83 144 
16 152 79 
15 150 78 
15 137 84 
16 117 96 
15 103 106 
15 127 86 
17 62 169 
17 52 187 
16 82 112 
17 83 105 
16 57 147 
16 61 137 
18 149 60 
16 75 123 
14 157 60 
14 144 71 
15 143 75 
17 127 90 
17 157 78 
17 171 73 
16 115 113 
16 158 89 
17 130 112 
16 146 103 
15 131 84 
16 84 142 
16 132 91 
16 127 92 
17 107 107 
17 105 109 
17 104 110 
17 86 122 
16 74 138 
16 86 113 
16 75 125 
16 68 132 
18 76 117 
18 83 111 
18 87 108 
16 83 110 
15 106 94 
15 102 107 
17 102 113 
18 108 109 
17 118 104 
17 114 110 
17 116 114 
17 114 121 
17 119 122 
16 123 124 
16 129 115 
17 155 74 
16 89 134 
17 141 85 
17 130 88 
17 114 92 
17 106 99 
18 98 101 
17 95 102 
17 98 99 
17 98 94 
17 100 99 
18 94 106 
17 109 96 
18 110 102 
18 106 106 
17 106 108 
17 116 103 
17 128 102 
17 135 104 
17 145 100 
16 148 102 
16 91 131 
16 157 78 
17 130 94 
17 107 114 
17 70 150 
18 68 147 
18 71 141 
18 58 171 
18 48 195 
18 58 166 
18 116 88 
18 81 135 
17 129 77 
18 132 85 
18 114 98 
18 105 107 
19 105 104 
17 114 101 
17 122 100 
16 117 109 
16 112 121 
16 110 130 
16 118 127 
16 119 124 
16 111 133 
16 154 78 
17 152 82 
17 119 103 
16 125 94 
16 143 82 
17 123 91 
17 109 105 
17 115 100 
18 102 110 
18 105 104 
18 86 127 
18 79 138 
17 96 114 
18 115 95 
17 129 89 
18 132 89 
18 114 103 
17 124 101 
17 137 93 
16 139 103 
16 137 108 
16 139 108 
16 142 106 
17 129 95 
16 101 119 
16 108 111 
16 140 84 
17 142 81 
16 115 104 
16 107 112 
16 110 109 
16 104 118 
16 109 110 
16 105 112 
15 107 112 
17 117 107 
16 111 115 
17 142 90 
16 113 115 
16 113 120 
16 117 122 
16 116 128 
16 119 126 
16 122 125 
16 122 123 
16 97 124 
15 140 84 
14 126 101 
16 132 95 
16 126 99 
15 119 105 
14 118 108 
15 124 105 
16 130 102 
15 128 106 
16 134 110 
16 142 108 
16 130 114 
16 92 130 
15 138 83 
15 126 91 
15 113 108 
15 132 91 
14 100 128 
14 121 105 
14 111 115 
15 112 109 
15 115 104 
15 114 107 
14 116 110 
14 121 110 
15 119 114 
15 116 121 
15 123 112 
16 121 112 
16 120 115 
15 122 115 
16 120 123 
16 131 117 
16 138 111 
15 136 90 
15 100 123 
15 151 81 
15 111 113 
15 104 115 
16 118 102 
15 108 109 
15 105 112 
16 116 110 
16 116 114 
15 126 109 
15 114 121 
16 103 129 
16 122 109 
16 116 121 
15 125 116 
16 151 101 
16 126 121 
16 137 112 
16 97 129 
17 158 79 
16 160 78 
15 110 111 
14 93 121 
16 73 147 
16 75 143 
16 85 126 
15 101 119 
15 106 115 
16 105 122 
15 105 121 
16 111 113 
16 121 110 
15 129 109 
15 133 109 
15 138 109 
15 139 110 
17 97 129 
17 128 98 
16 147 87 
16 136 92 
14 109 110 
14 89 132 
14 86 131 
15 80 128 
16 52 186 
16 57 173 
16 85 123 
15 93 115 
15 104 110 
15 89 129 
14 114 107 
15 110 109 
16 129 99 
14 105 136 
15 118 127 
15 133 113 
15 122 123 
17 181 69 
17 106 118 
17 133 96 
17 156 80 
15 157 78 
14 131 97 
14 119 109 
15 101 91 
15 107 88 
15 117 89 
14 122 94 
14 122 96 
14 122 98 
16 131 97 
16 134 99 
16 124 113 
15 127 116 
15 138 111 
15 142 106 
16 126 97 
17 100 125 
18 114 114 
17 145 86 
15 122 107 
14 107 114 
14 79 142 
14 68 142 
16 62 149 
16 61 151 
15 81 123 
15 80 130 
15 79 132 
15 81 135 
14 82 130 
14 90 125 
15 96 120 
15 89 134 
15 100 120 
16 105 117 
16 116 125 
14 114 130 
15 130 120 
15 118 125 
17 130 96 
17 109 117 
16 129 97 
16 81 114 
17 94 95 
18 88 107 
17 71 137 
17 84 116 
14 102 95 
15 105 95 
16 117 89 
16 123 95 
16 136 90 
16 140 89 
16 205 66 
16 101 142 
16 144 106 
15 159 98 
16 148 100 
17 110 111 
16 112 114 
16 102 117 
16 92 116 
17 87 111 
17 85 105 
18 92 97 
17 89 106 
16 91 112 
13 94 111 
13 102 105 
14 98 112 
15 102 112 
16 120 104 
16 109 119 
17 122 119 
15 123 122 
16 149 103 
16 131 115 
14 126 113 
17 146 84 
16 158 79 
15 148 88 
17 91 112 
12 100 110 
12 105 104 
13 116 99 
14 103 114 
16 152 99 
17 137 106 
17 146 82 
18 98 125 
17 137 91 
15 126 103 
14 112 114 
15 75 153 
16 78 134 
16 90 119 
15 74 148 
14 94 120 
13 106 99 
13 105 102 
18 172 77 
17 187 75 
17 129 115 
16 125 120 
16 123 116 
15 125 110 
17 95 131 
17 158 76 
16 123 102 
15 122 100 
16 104 115 
16 109 108 
17 120 96 
14 106 106 
15 111 106 
17 121 99 
17 142 88 
18 138 96 
17 148 95 
17 143 102 
16 152 94 
16 137 104 
17 96 130 
18 157 78 
18 159 74 
17 115 104 
16 119 105 
14 116 103 
13 114 105 
14 111 110 
15 128 96 
16 125 102 
17 125 102 
18 126 103 
18 133 102 
17 130 110 
16 146 98 
16 125 114 
17 137 84 
19 98 122 
18 139 86 
17 136 90 
17 120 100 
17 111 110 
16 136 94 
16 118 106 
14 119 107 
15 120 104 
17 130 100 
18 137 97 
17 136 103 
17 142 99 
16 131 109 
16 136 105 
16 135 87 
17 98 122 
17 185 66 
16 152 82 
16 124 101 
16 144 87 
16 134 95 
18 118 112 
16 132 106 
16 143 100 
16 130 90 
16 112 109 
17 123 102 
18 115 106 
17 113 106 
17 125 100 
17 121 103 
18 117 113 
17 121 114 
16 126 115 
15 131 105 
17 123 112 
16 152 77 
17 147 83 
17 77 159 
17 72 170 
17 108 113 
17 86 143 
18 121 97 
17 118 97 
18 150 78 
17 150 78 
18 152 77 
17 155 82 
17 124 97 
17 97 123 
17 121 101 
17 102 120 
17 78 153 
17 109 112 
17 86 133 
20 83 157 
20 105 134 
20 90 162 
21 92 166 
20 94 169 
20 96 168 
19 96 157 
19 141 112 
19 99 165 
20 97 168 
20 101 170 
21 100 171 
21 102 167 
20 99 177 
20 115 151 
20 101 172 
20 102 172 
20 102 173 
20 104 174 
20 103 176 
20 103 175 
20 102 178 
19 105 177 
18 105 179 
19 105 178 
19 104 176 
19 103 175 
20 105 167 
19 103 171 
19 99 173 
19 105 161 
20 112 144 
17 99 160 
18 138 120 
18 100 168 
18 105 163 
19 107 162 
19 109 162 
20 109 161 
19 121 152 
19 111 166 
19 112 166 
19 114 163 
19 114 164 
20 114 168 
19 113 172 
19 112 173 
19 111 173 
19 107 174 
19 110 170 
19 105 172 
20 106 171 
20 103 173 
20 114 152 
20 101 169 
20 105 163 
20 110 156 
20 105 162 
19 98 172 
19 140 122 
19 93 181 
19 98 174 
20 106 163 
20 109 162 
20 104 166 
20 96 184 
20 99 175 
20 100 176 
20 101 175 
20 104 171 
21 101 170 
20 99 170 
20 102 168 
20 103 164 
21 96 165 
21 96 167 
20 99 163 
17 103 158 
18 127 130 
17 101 170 
18 105 165 
18 105 168 
19 105 168 
19 125 147 
19 109 168 
19 111 165 
20 110 167 
19 108 170 
19 101 179 
19 105 173 
19 107 169 
19 108 166 
20 108 163 
19 103 168 
19 114 150 
20 101 166 
20 103 168 
20 103 169 
19 113 153 
19 123 143 
19 117 150 
20 107 165 
20 105 168 
19 106 164 
20 104 169 
20 104 172 
20 103 174 
20 100 178 
21 100 174 
20 97 177 
19 96 172 
19 92 178 
20 99 159 
20 93 167 
20 89 166 
20 80 176 
19 104 130 
20 79 161 
19 90 144 
19 78 169 
19 80 163 
20 79 155 
20 71 155 
21 72 134 
22 64 136 
21 101 83 
20 150 56 
20 55 154 
21 60 154 
20 64 156 
20 74 144 
19 89 129 
18 119 137 
18 110 151 
18 108 156 
19 100 168 
19 101 169 
19 114 156 
19 115 159 
19 114 161 
19 113 163 
19 110 167 
19 108 167 
19 109 169 
19 100 181 
19 106 171 
19 109 166 
19 105 170 
19 100 179 
19 102 172 
19 105 167 
18 119 148 
19 104 170 
19 103 169 
19 103 166 
19 90 190 
19 104 165 
19 93 186 
20 95 180 
20 99 172 
20 101 171 
20 106 168 
20 107 167 
20 102 175 
20 99 181 
20 97 182 
20 95 185 
20 98 180 
19 98 171 
19 98 167 
19 97 168 
19 97 163 
19 85 177 
20 80 179 
19 72 190 
19 127 104 
19 79 165 
19 79 168 
19 78 174 
19 78 167 
19 81 151 
19 86 134 
20 78 131 
20 70 135 
20 78 117 
20 106 82 
22 103 89 
21 71 133 
20 65 148 
19 62 168 
19 63 179 
19 89 138 
19 87 150 
19 76 182 
19 73 188 
19 76 184 
19 80 185 
19 87 179 
20 90 178 
20 90 179 
20 90 176 
20 90 170 
20 88 179 
21 88 180 
21 86 183 
21 85 185 
21 85 183 
20 85 185 
17 105 150 
18 96 167 
18 122 136 
19 99 162 
18 99 167 
19 115 149 
18 117 152 
19 113 162 
19 112 162 
19 112 164 
19 111 163 
19 110 162 
19 111 161 
19 107 167 
19 106 168 
19 107 164 
19 104 166 
20 102 170 
20 122 144 
19 99 175 
20 104 170 
20 98 172 
19 101 167 
19 105 160 
19 94 179 
19 96 178 
20 100 174 
20 103 171 
20 105 170 
20 108 166 
19 104 172 
20 106 166 
19 97 174 
20 92 174 
20 91 176 
20 91 171 
20 88 169 
20 84 170 
20 74 189 
18 143 96 
19 126 105 
19 114 116 
19 96 135 
18 71 166 
18 63 177 
19 61 177 
20 58 179 
20 53 184 
21 60 152 
22 146 68 
21 63 161 
19 74 141 
18 90 124 
19 99 121 
19 100 130 
19 92 147 
19 84 167 
19 74 187 
20 80 178 
19 85 176 
20 88 173 
20 88 182 
20 87 184 
21 87 182 
20 86 183 
20 86 180 
21 85 177 
20 87 179 
18 108 147 
18 100 165 
18 102 162 
20 101 157 
19 116 147 
19 115 157 
19 112 157 
19 110 158 
19 110 157 
19 110 160 
19 109 161 
19 109 164 
19 100 173 
20 125 135 
19 93 183 
19 95 178 
19 96 175 
19 95 179 
20 103 158 
19 95 175 
19 95 177 
19 100 176 
19 102 173 
20 99 180 
20 101 176 
20 99 178 
20 94 185 
20 91 177 
20 107 146 
21 88 171 
20 85 172 
19 72 199 
19 77 180 
19 70 198 
19 67 199 
18 70 183 
18 63 187 
18 62 186 
18 61 184 
20 62 174 
20 62 168 
20 61 168 
21 65 149 
21 189 54 
20 117 89 
20 56 186 
18 66 169 
19 66 182 
19 72 180 
19 87 156 
19 116 119 
19 106 132 
20 79 181 
19 86 174 
20 96 165 
20 94 166 
20 90 173 
20 85 182 
20 84 185 
21 86 181 
18 106 149 
18 101 164 
18 118 140 
19 90 172 
19 99 167 
18 109 154 
19 110 155 
18 105 160 
19 105 162 
19 109 157 
19 105 165 
19 106 166 
19 104 169 
20 105 165 
19 97 171 
19 111 149 
20 91 180 
20 93 173 
20 92 175 
20 88 183 
20 109 147 
20 83 196 
20 91 179 
19 94 177 
20 92 188 
19 94 188 
19 94 187 
19 98 179 
20 97 184 
20 100 173 
20 84 191 
20 79 198 
20 83 188 
21 82 183 
21 83 178 
20 82 174 
20 81 176 
19 79 174 
18 74 179 
17 79 158 
18 78 151 
18 101 109 
18 86 131 
20 65 169 
20 70 157 
20 63 165 
19 86 122 
20 141 76 
20 56 191 
20 110 100 
19 159 72 
19 63 189 
18 71 184 
19 75 177 
19 75 180 
19 86 166 
19 112 130 
19 164 92 
20 140 109 
20 100 155 
20 78 200 
21 78 192 
20 86 181 
19 106 151 
20 132 122 
19 87 178 
19 91 171 
19 104 164 
18 98 170 
19 100 171 
19 101 175 
19 100 169 
19 101 174 
19 97 173 
19 101 166 
19 87 187 
20 93 172 
20 108 149 
20 82 196 
20 90 182 
20 92 178 
19 90 186 
20 94 184 
19 95 185 
20 98 182 
20 100 179 
20 98 164 
20 88 177 
21 85 179 
20 76 194 
20 75 193 
20 72 194 
19 70 196 
19 68 191 
17 66 190 
18 85 135 
18 130 86 
19 65 176 
20 60 199 
19 56 201 
19 118 91 
18 65 173 
20 69 174 
20 72 167 
19 100 128 
18 223 56 
19 70 189 
19 73 186 
19 80 179 
19 82 181 
19 79 190 
19 96 159 
20 76 204 
20 103 151 
20 132 118 
20 96 162 
20 80 195 
20 85 184 
20 85 183 
18 108 146 
18 98 161 
19 126 123 
19 86 171 
18 92 171 
18 89 180 
18 100 166 
19 91 184 
20 89 184 
20 89 183 
19 90 188 
19 92 182 
20 94 171 
20 86 186 
19 88 185 
19 91 179 
19 96 176 
19 99 172 
19 102 168 
20 101 174 
20 88 176 
21 85 178 
21 83 181 
20 77 191 
20 74 192 
20 76 188 
19 75 184 
19 70 187 
18 73 179 
19 71 172 
19 65 189 
19 64 188 
20 70 179 
20 71 180 
18 139 79 
18 54 208 
20 67 179 
20 73 174 
19 87 165 
19 195 72 
19 96 146 
19 78 187 
19 83 182 
20 81 182 
19 80 187 
20 83 187 
20 94 165 
20 97 161 
20 80 194 
20 110 141 
20 102 152 
20 82 192 
20 83 193 
20 89 181 
18 105 151 
18 97 166 
19 118 132 
19 85 174 
19 86 172 
18 88 173 
18 93 173 
19 88 177 
19 115 142 
19 102 170 
19 101 170 
19 96 173 
20 97 169 
20 96 175 
19 94 180 
20 99 176 
19 95 182 
19 83 181 
20 80 181 
21 78 186 
20 78 182 
19 78 183 
19 75 187 
19 74 185 
19 73 185 
19 68 195 
20 74 172 
20 72 177 
19 76 175 
19 72 184 
19 71 191 
19 66 181 
18 135 81 
19 55 208 
20 78 164 
19 74 186 
20 77 182 
20 76 187 
19 77 193 
19 101 147 
20 123 124 
20 84 186 
20 86 189 
20 107 150 
20 80 200 
20 83 191 
20 81 193 
20 82 190 
20 100 160 
19 129 121 
18 95 170 
18 82 195 
17 104 152 
18 97 163 
18 101 152 
19 90 165 
18 81 179 
18 83 182 
19 86 186 
19 97 176 
19 102 167 
18 111 149 
18 106 156 
19 99 170 
19 90 185 
19 98 180 
19 97 182 
19 113 151 
19 111 152 
19 92 183 
20 93 175 
20 97 179 
20 94 181 
20 84 182 
20 82 177 
20 84 171 
19 78 176 
19 78 177 
19 83 165 
19 77 178 
20 76 185 
19 69 199 
18 76 164 
19 58 199 
20 65 197 
19 82 183 
19 84 186 
20 117 140 
20 95 172 
20 96 167 
20 117 137 
20 92 171 
20 89 180 
19 84 192 
18 82 197 
18 101 159 
17 108 147 
19 102 150 
19 95 159 
19 87 173 
18 88 171 
19 79 188 
19 77 191 
18 86 178 
18 89 184 
18 121 137 
19 107 158 
19 114 145 
19 104 162 
19 107 157 
19 89 189 
19 91 187 
19 89 190 
19 89 187 
19 96 184 
20 101 177 
20 101 180 
21 97 184 
21 96 181 
20 91 184 
20 83 190 
20 77 189 
20 77 188 
20 79 185 
20 77 186 
20 76 184 
19 73 181 
21 74 178 
18 88 153 
21 77 182 
19 66 201 
18 83 135 
19 82 130 
20 60 197 
20 68 192 
20 84 164 
20 77 185 
19 79 187 
21 84 189 
21 99 160 
21 110 144 
20 85 191 
20 92 177 
19 86 195 
19 92 177 
20 85 188 
18 88 188 
18 87 190 
18 86 189 
17 95 171 
19 101 151 
19 90 167 
19 99 149 
19 81 183 
18 80 187 
18 105 150 
18 85 192 
19 110 153 
19 88 191 
19 90 187 
19 106 159 
19 102 165 
20 96 180 
20 96 181 
20 97 181 
20 97 174 
20 94 176 
20 85 186 
19 78 192 
20 76 189 
20 75 191 
20 78 183 
21 71 187 
18 78 177 
21 76 188 
19 61 205 
18 99 108 
19 67 160 
20 64 188 
21 81 161 
20 73 193 
19 78 189 
20 89 174 
21 87 181 
19 90 178 
18 89 187 
18 88 189 
18 87 187 
18 87 185 
18 86 187 
18 83 185 
18 98 158 
19 95 164 
19 87 172 
19 104 142 
18 80 182 
19 102 152 
19 88 180 
19 99 178 
19 93 184 
19 95 180 
19 91 185 
19 91 183 
19 103 164 
19 85 197 
19 87 193 
19 85 194 
19 95 174 
20 95 171 
20 94 173 
20 96 172 
20 98 177 
20 91 182 
20 90 181 
19 80 189 
19 76 194 
20 75 190 
20 79 180 
19 75 183 
19 75 186 
19 79 172 
20 95 148 
21 77 178 
19 67 174 
18 105 100 
20 63 174 
20 62 192 
21 66 202 
20 70 201 
20 69 207 
19 74 200 
19 85 186 
20 88 185 
18 92 180 
18 93 179 
18 89 186 
18 90 185 
17 85 185 
18 88 182 
17 86 184 
17 83 182 
18 97 161 
19 93 168 
19 89 169 
19 95 156 
18 82 181 
19 78 190 
19 80 184 
19 92 169 
19 91 182 
19 97 177 
20 91 187 
19 114 148 
20 95 183 
19 88 192 
20 93 176 
20 98 166 
21 89 177 
20 94 174 
19 93 162 
19 92 164 
19 84 176 
20 81 177 
20 77 183 
19 77 179 
19 78 170 
20 89 157 
20 85 159 
18 73 160 
17 89 115 
20 57 194 
21 67 182 
21 72 185 
19 78 199 
20 87 185 
18 91 182 
18 94 176 
18 88 183 
18 88 185 
17 88 180 
17 87 178 
17 80 182 
16 76 188 
19 91 165 
19 89 167 
19 79 180 
19 89 174 
19 94 168 
19 99 168 
19 120 138 
19 86 193 
19 90 184 
20 83 197 
20 85 192 
20 87 187 
20 92 182 
21 88 177 
20 87 175 
20 82 175 
20 78 180 
21 74 186 
20 74 187 
20 78 184 
20 80 182 
19 84 177 
19 77 182 
20 82 172 
21 71 188 
18 84 133 
17 85 123 
20 58 203 
20 65 195 
18 79 183 
18 85 181 
19 88 176 
19 92 175 
18 89 181 
17 90 176 
17 87 181 
18 88 179 
17 86 180 
17 85 180 
17 81 180 
16 82 174 
15 98 140 
19 87 170 
19 81 174 
18 72 201 
19 97 152 
19 86 180 
19 108 149 
20 97 165 
20 88 186 
20 84 194 
20 85 190 
20 80 201 
20 107 159 
20 87 188 
20 86 190 
20 85 193 
20 93 181 
21 87 179 
20 84 169 
21 81 160 
20 70 168 
20 68 170 
20 65 170 
19 67 171 
19 70 165 
20 71 166 
20 74 162 
20 75 160 
20 74 168 
21 78 166 
21 78 170 
19 81 179 
19 81 182 
19 78 182 
21 83 173 
20 83 169 
19 82 171 
20 78 179 
21 73 181 
18 64 171 
17 84 130 
19 64 196 
21 68 196 
20 83 176 
18 83 175 
18 86 177 
19 87 176 
18 87 181 
19 90 182 
17 85 178 
17 88 176 
17 84 182 
16 84 177 
15 100 138 
14 112 118 
19 116 127 
19 110 132 
20 102 140 
19 97 145 
19 93 150 
19 105 134 
20 113 126 
19 82 186 
19 85 192 
19 94 169 
20 86 192 
20 87 190 
21 85 175 
21 71 180 
22 65 156 
22 57 162 
21 50 162 
19 59 164 
19 61 163 
20 64 160 
20 66 159 
20 68 161 
20 71 169 
20 75 169 
20 74 186 
20 77 181 
21 81 174 
21 83 172 
19 84 170 
18 61 183 
16 83 136 
18 69 188 
20 83 175 
19 85 175 
18 82 177 
19 85 179 
19 86 181 
17 85 177 
17 82 177 
17 86 178 
16 81 186 
16 93 157 
13 117 113 
13 104 123 
19 82 177 
19 77 186 
19 72 192 
19 82 172 
19 84 180 
20 97 166 
19 88 189 
21 85 193 
19 113 147 
19 192 81 
21 84 170 
21 60 204 
21 62 161 
21 53 164 
20 49 161 
19 50 163 
18 56 160 
19 59 159 
20 64 159 
20 64 164 
21 72 159 
21 72 169 
20 75 181 
20 72 191 
20 83 173 
18 64 190 
18 92 130 
19 75 173 
20 83 172 
18 84 176 
18 85 178 
18 87 179 
17 89 178 
18 87 178 
17 83 178 
17 77 181 
15 81 180 
14 103 138 
14 118 117 
13 107 124 
13 112 116 
12 106 116 
11 100 122 
19 99 147 
20 96 151 
19 87 168 
19 78 180 
19 76 185 
19 81 173 
20 98 145 
20 82 184 
19 82 192 
20 85 189 
20 86 187 
20 86 193 
21 90 175 
20 86 175 
20 75 180 
20 68 164 
20 61 163 
18 54 164 
18 60 162 
20 63 161 
21 66 162 
21 65 168 
21 69 169 
20 71 176 
20 78 174 
21 76 189 
20 84 173 
20 76 179 
19 81 171 
19 83 172 
19 84 173 
18 85 179 
18 86 180 
18 86 175 
18 88 174 
17 81 179 
17 81 177 
16 89 154 
13 113 122 
12 111 122 
12 111 119 
11 108 120 
11 106 115 
11 107 112 
20 81 174 
20 86 167 
19 79 177 
19 77 181 
19 89 157 
20 82 187 
20 84 183 
19 81 185 
19 81 191 
20 88 189 
20 93 179 
19 83 178 
19 69 167 
20 63 166 
19 61 166 
19 65 158 
18 68 153 
18 72 160 
19 75 160 
20 75 163 
20 73 172 
21 74 176 
20 76 178 
20 78 176 
20 81 180 
20 83 178 
19 85 178 
18 72 187 
19 105 131 
19 83 175 
18 85 176 
18 84 179 
18 87 176 
17 85 176 
17 84 176 
17 85 174 
17 81 182 
16 89 161 
15 106 130 
15 106 127 
14 113 122 
13 111 126 
12 112 118 
11 114 114 
11 117 111 
11 115 111 
19 92 152 
19 81 170 
19 79 175 
19 91 146 
20 93 151 
19 81 186 
19 81 188 
20 80 192 
20 84 189 
20 81 201 
20 84 195 
20 94 182 
19 92 186 
20 74 173 
20 72 173 
19 71 173 
19 70 176 
19 73 174 
19 77 175 
20 79 175 
20 79 177 
21 78 177 
20 86 178 
18 78 186 
18 109 133 
19 82 180 
19 88 169 
18 85 177 
18 82 178 
18 83 176 
18 85 175 
18 83 173 
17 80 175 
16 80 170 
16 108 128 
13 114 121 
13 107 129 
12 113 120 
12 119 111 
12 121 110 
11 125 104 
18 86 160 
19 100 140 
19 107 129 
19 94 147 
19 93 143 
20 90 156 
19 82 184 
20 79 194 
20 72 217 
19 83 190 
20 83 194 
20 82 195 
20 82 200 
20 82 199 
20 92 183 
20 90 185 
21 84 182 
19 75 176 
20 81 179 
21 83 176 
20 79 183 
20 82 180 
20 83 181 
19 107 138 
18 85 171 
18 85 168 
17 83 170 
17 81 171 
16 77 168 
15 92 142 
15 111 117 
14 115 118 
13 116 114 
12 118 112 
12 115 113 
11 115 113 
19 90 153 
20 96 146 
20 82 171 
20 79 178 
19 78 193 
20 74 203 
20 73 212 
20 84 192 
20 80 205 
20 78 208 
20 91 183 
19 89 183 
21 84 177 
19 80 172 
19 75 170 
21 84 179 
20 87 178 
20 85 175 
19 86 175 
18 86 169 
17 83 169 
18 80 168 
17 77 172 
15 85 153 
14 102 122 
13 102 118 
13 103 116 
13 104 115 
12 112 112 
12 117 107 
10 116 108 
11 113 115 
11 116 112 
11 112 116 
19 104 132 
20 84 167 
20 83 168 
19 88 157 
19 100 138 
19 77 183 
19 85 173 
19 75 200 
20 75 203 
20 76 206 
19 84 189 
20 82 197 
19 87 188 
20 81 198 
19 79 167 
19 74 162 
19 70 156 
19 66 163 
19 71 157 
20 77 159 
21 79 177 
20 81 186 
20 84 177 
21 84 180 
18 84 169 
18 80 165 
17 75 173 
16 83 154 
13 107 117 
12 103 114 
10 93 121 
11 96 111 
11 101 114 
11 102 112 
11 105 114 
10 106 111 
11 108 111 
11 110 111 
11 112 109 
10 107 117 
10 105 119 
11 109 119 
19 92 155 
20 88 162 
21 87 165 
19 86 160 
19 74 202 
20 77 198 
19 81 192 
19 86 184 
19 76 174 
18 69 169 
18 60 165 
20 66 155 
21 74 156 
20 76 175 
21 85 181 
21 83 182 
19 82 174 
18 85 172 
17 78 170 
16 81 155 
14 97 126 
13 100 120 
11 98 117 
10 96 114 
10 93 113 
10 101 114 
10 102 115 
10 104 113 
10 111 108 
10 105 114 
10 104 120 
10 106 118 
20 95 151 
20 86 169 
20 87 167 
19 89 155 
20 96 154 
20 80 198 
19 83 191 
19 88 186 
20 91 185 
19 89 186 
19 125 126 
20 150 109 
19 76 172 
19 69 170 
18 63 167 
17 55 166 
20 65 157 
21 80 175 
20 83 182 
20 80 186 
18 83 172 
17 75 170 
15 101 121 
13 97 123 
11 97 118 
12 97 116 
11 93 115 
10 91 115 
10 95 118 
11 99 116 
10 99 118 
10 103 114 
10 108 109 
10 104 115 
10 102 118 
11 102 118 
20 96 149 
21 71 186 
20 79 197 
19 80 194 
19 89 184 
21 85 187 
21 80 197 
20 81 194 
20 85 187 
20 82 189 
20 77 172 
20 71 168 
20 66 167 
19 62 165 
20 69 163 
21 80 159 
21 81 176 
21 85 182 
21 85 180 
19 80 186 
19 80 188 
19 90 170 
19 90 173 
16 109 126 
15 112 116 
12 101 124 
10 94 128 
10 99 119 
10 97 116 
10 95 116 
10 94 117 
10 96 119 
10 100 117 
11 101 119 
11 111 117 
11 111 119 
12 107 121 
11 108 123 
20 102 142 
21 87 170 
20 84 174 
19 87 161 
21 72 184 
20 77 193 
20 79 193 
20 81 192 
19 79 191 
20 81 191 
21 85 186 
21 80 191 
21 80 189 
21 80 192 
20 79 196 
21 84 183 
21 82 184 
21 78 184 
21 76 178 
21 75 169 
20 67 168 
20 68 165 
18 75 171 
21 83 179 
20 82 183 
21 81 185 
21 81 186 
20 80 184 
19 80 191 
18 89 178 
17 89 180 
17 87 182 
17 101 152 
14 110 125 
12 101 131 
11 99 132 
9 93 131 
10 102 123 
10 103 116 
11 110 118 
11 113 120 
11 119 116 
12 122 117 
12 116 125 
12 117 126 
13 121 126 
20 101 141 
21 92 160 
21 93 162 
21 90 167 
19 84 164 
20 79 184 
20 78 187 
20 79 191 
20 87 182 
21 88 183 
21 84 188 
21 80 187 
21 86 166 
21 92 155 
21 80 168 
21 87 155 
20 83 170 
20 86 166 
19 84 185 
20 83 185 
19 79 196 
19 79 197 
18 90 179 
17 89 184 
17 92 178 
17 89 181 
17 87 184 
17 90 178 
13 120 117 
11 117 116 
11 119 114 
11 120 113 
12 121 114 
12 125 116 
12 130 112 
12 123 118 
12 126 121 
13 118 134 
12 124 130 
13 127 130 
14 126 134 
20 90 158 
20 103 144 
21 86 174 
20 75 186 
21 83 191 
20 89 186 
19 85 193 
20 80 202 
20 86 184 
19 79 198 
19 82 201 
18 91 183 
18 90 184 
17 89 183 
16 85 195 
16 116 143 
16 151 110 
14 147 106 
13 140 109 
13 139 108 
13 143 109 
13 144 108 
13 144 110 
13 141 112 
12 143 114 
12 145 111 
12 142 113 
12 138 116 
13 142 120 
13 143 123 
14 141 127 
15 122 151 
20 89 164 
21 100 146 
21 88 169 
20 92 152 
20 73 192 
20 74 200 
20 81 188 
20 93 183 
20 90 186 
19 85 195 
18 84 197 
19 82 203 
19 80 205 
20 79 204 
20 79 206 
20 89 187 
19 84 197 
19 84 200 
19 92 185 
19 96 183 
19 96 181 
18 93 183 
17 94 185 
16 93 187 
16 161 109 
15 159 111 
14 164 109 
13 159 109 
13 156 111 
13 154 114 
12 151 115 
12 159 109 
12 162 107 
12 158 110 
12 159 111 
12 161 109 
11 152 114 
11 153 118 
13 162 115 
13 175 112 
14 146 138 
15 124 162 
20 87 165 
20 93 157 
20 91 166 
21 85 174 
21 82 178 
20 87 164 
19 77 196 
19 76 198 
19 82 190 
19 93 178 
20 90 188 
20 92 186 
21 91 185 
19 82 198 
20 80 204 
20 80 203 
19 86 192 
21 92 185 
21 91 188 
20 87 191 
20 87 193 
19 88 194 
19 85 201 
18 85 194 
19 83 197 
19 82 199 
19 87 194 
19 88 196 
19 97 184 
19 99 183 
19 98 184 
17 93 195 
15 123 153 
15 174 107 
14 167 113 
13 168 111 
12 165 113 
13 165 113 
13 157 122 
12 163 114 
11 164 115 
11 162 115 
11 165 113 
11 163 114 
11 155 120 
12 161 122 
12 167 124 
14 190 113 
15 140 157 
16 134 165 
20 90 161 
20 104 142 
20 91 159 
19 78 194 
20 80 191 
19 91 180 
19 81 204 
19 84 198 
20 90 187 
20 92 185 
20 93 186 
21 93 187 
21 94 188 
20 90 189 
20 88 192 
20 88 191 
20 88 194 
19 86 199 
20 87 197 
19 90 189 
19 94 182 
19 89 191 
19 87 199 
19 96 185 
19 98 183 
19 100 184 
19 100 187 
18 100 188 
16 94 201 
15 156 121 
14 171 112 
13 171 115 
12 169 116 
12 166 118 
12 171 118 
12 168 120 
11 174 116 
11 173 115 
11 171 115 
11 165 119 
11 162 121 
12 162 123 
12 168 123 
13 181 120 
13 199 114 
15 131 177 
16 142 169 
20 96 148 
19 87 167 
20 107 138 
20 99 149 
20 78 186 
21 86 192 
20 89 189 
20 94 188 
20 96 183 
20 93 187 
20 95 186 
20 96 186 
20 97 187 
21 95 187 
20 94 187 
20 91 193 
20 89 194 
20 90 192 
20 89 192 
20 88 196 
20 89 191 
20 88 200 
20 92 195 
19 94 193 
19 106 173 
18 116 162 
18 113 170 
16 107 178 
15 178 109 
12 173 115 
11 174 117 
11 177 117 
12 180 115 
12 175 118 
12 177 117 
11 173 118 
11 174 120 
11 171 122 
12 171 122 
13 176 122 
13 186 118 
14 187 123 
15 132 180 
15 144 168 
20 94 152 
20 110 132 
19 101 149 
20 99 165 
20 100 166 
20 94 179 
20 89 190 
20 91 190 
20 82 198 
20 81 202 
20 95 187 
20 98 185 
21 97 187 
20 92 191 
20 92 189 
20 90 195 
20 91 196 
20 91 194 
20 94 190 
20 93 191 
19 96 188 
19 99 186 
19 101 185 
18 113 167 
18 108 180 
17 98 200 
16 140 138 
15 179 111 
12 177 114 
12 174 116 
12 174 117 
12 179 117 
12 174 119 
11 175 118 
12 176 120 
11 173 121 
12 173 122 
12 176 122 
12 174 123 
13 181 121 
13 193 116 
14 168 138 
15 136 174 
16 147 166 
20 117 122 
19 98 154 
19 91 166 
20 92 192 
20 93 189 
19 94 189 
21 96 185 
19 84 201 
20 86 195 
20 91 191 
20 101 179 
20 99 183 
20 99 185 
20 96 188 
20 98 183 
20 95 190 
20 92 196 
20 99 182 
19 98 187 
19 102 182 
19 102 187 
18 103 185 
18 101 190 
17 101 194 
17 99 199 
15 177 111 
14 172 117 
13 175 115 
13 181 113 
12 176 116 
13 178 113 
12 178 119 
11 171 125 
12 177 121 
12 177 125 
12 180 125 
13 188 121 
15 173 136 
15 135 178 
19 96 156 
21 105 170 
21 104 172 
20 97 186 
21 96 186 
19 87 191 
20 85 199 
19 85 198 
19 83 203 
20 86 202 
20 88 197 
20 106 173 
20 110 174 
19 103 181 
20 103 185 
20 102 187 
20 102 188 
20 100 188 
20 101 189 
20 104 184 
20 104 187 
19 102 188 
19 103 189 
18 104 189 
18 103 190 
17 101 197 
17 121 165 
15 178 112 
14 171 121 
12 173 118 
13 176 116 
13 174 116 
12 171 121 
12 175 121 
12 181 117 
12 179 124 
13 182 122 
13 185 121 
15 188 125 
15 132 182 
20 97 147 
19 93 161 
20 93 184 
20 106 169 
20 105 172 
20 108 168 
19 93 189 
20 87 200 
19 91 193 
20 101 184 
20 108 177 
20 113 170 
21 114 164 
20 116 165 
20 115 167 
19 113 174 
19 112 176 
19 109 180 
19 102 192 
19 104 189 
19 103 190 
18 104 188 
18 105 189 
17 108 187 
16 102 198 
16 156 131 
15 181 113 
14 174 119 
12 176 119 
13 173 118 
13 174 117 
12 177 118 
12 179 120 
13 185 120 
15 189 123 
16 135 181 
19 87 162 
19 88 159 
19 91 162 
19 94 160 
20 97 173 
21 104 177 
20 104 177 
20 105 177 
19 99 182 
20 96 189 
20 94 189 
19 90 193 
19 97 181 
19 101 184 
20 106 181 
20 103 186 
19 102 193 
20 103 188 
20 102 190 
19 103 191 
19 104 188 
19 106 190 
19 105 192 
18 105 194 
17 105 191 
17 107 189 
17 103 198 
16 185 110 
15 182 112 
14 180 115 
12 174 120 
12 172 120 
13 176 119 
14 184 119 
15 153 152 
16 141 174 
18 91 159 
19 86 164 
19 106 135 
20 97 157 
20 101 159 
20 102 165 
20 104 165 
20 105 175 
21 103 181 
20 108 167 
20 107 169 
20 118 155 
21 115 162 
19 102 175 
19 95 187 
20 105 173 
19 106 175 
20 111 173 
20 118 167 
19 119 165 
19 116 169 
19 108 181 
19 106 186 
19 109 184 
19 116 173 
19 107 189 
19 107 186 
19 106 185 
19 105 187 
19 108 186 
19 108 187 
18 110 188 
18 112 184 
17 109 188 
17 104 194 
16 199 104 
13 177 115 
12 178 116 
11 171 119 
12 171 116 
13 172 114 
14 188 114 
15 137 170 
16 144 173 
18 114 119 
18 89 157 
18 104 140 
19 99 150 
19 100 156 
20 107 153 
21 112 152 
21 112 153 
21 106 164 
20 107 164 
20 112 155 
20 112 160 
20 112 161 
20 111 163 
20 124 146 
20 102 177 
20 115 160 
19 110 169 
20 110 165 
20 113 167 
20 117 164 
20 118 162 
20 115 166 
19 122 161 
19 121 162 
19 117 168 
19 130 151 
19 118 167 
19 119 167 
19 114 172 
20 113 171 
19 118 166 
18 117 168 
19 117 172 
19 115 175 
19 115 177 
18 114 176 
17 110 181 
15 106 192 
15 198 103 
14 183 114 
12 183 114 
12 182 115 
12 181 114 
11 175 115 
11 174 114 
10 177 115 
10 171 118 
11 169 115 
12 164 109 
12 164 106 
12 162 112 
12 170 111 
13 167 122 
15 133 169 
17 157 158 
18 123 110 
18 80 173 
18 96 152 
19 92 160 
21 97 176 
20 96 185 
21 100 178 
20 115 155 
20 120 151 
20 118 154 
19 118 155 
19 104 177 
19 102 180 
19 103 180 
19 104 179 
20 107 178 
20 105 182 
20 105 183 
20 106 182 
20 105 184 
19 105 189 
17 105 192 
17 103 193 
16 100 198 
15 111 179 
14 187 108 
13 172 117 
11 169 121 
12 170 117 
11 168 114 
11 169 118 
11 166 120 
10 153 125 
11 150 126 
11 137 134 
12 146 122 
12 165 105 
13 172 101 
14 136 143 
15 128 173 
17 153 163 
18 93 148 
18 89 164 
20 110 162 
19 101 176 
20 100 181 
20 104 186 
19 107 184 
19 108 182 
17 104 193 
16 99 200 
15 126 156 
14 178 113 
12 177 115 
11 176 116 
12 172 117 
11 171 118 
10 165 122 
11 166 118 
11 157 120 
11 158 113 
12 153 107 
13 150 100 
13 91 160 
13 73 189 
14 80 170 
16 53 231 
14 80 216 
16 111 189 
18 145 165 
19 84 163 
19 125 112 
18 94 163 
19 100 155 
18 98 169 
20 122 146 
20 116 150 
18 220 65 
20 161 108 
20 158 110 
20 155 112 
19 153 115 
20 158 113 
20 167 107 
20 172 104 
20 172 105 
20 169 107 
20 176 103 
21 175 102 
20 180 106 
20 179 107 
20 182 105 
19 183 107 
20 179 108 
19 181 110 
19 181 111 
19 185 106 
19 191 103 
19 182 108 
19 168 117 
19 157 125 
19 152 129 
19 148 133 
20 143 136 
20 141 136 
19 137 140 
18 135 145 
18 129 152 
19 127 159 
18 122 161 
18 118 166 
17 116 171 
16 113 174 
14 156 126 
14 190 106 
13 192 105 
12 183 110 
11 181 113 
11 179 114 
11 184 111 
12 182 109 
11 176 113 
11 172 114 
11 168 108 
12 139 114 
13 81 174 
15 49 233 
17 54 190 
19 36 240 
19 33 239 
15 45 237 
16 72 190 
17 98 183 
18 131 169 
19 119 124 
18 91 168 
19 95 163 
18 96 172 
20 97 178 
20 98 179 
20 131 136 
19 112 150 
17 191 76 
20 90 190 
21 98 182 
21 101 184 
20 101 192 
19 101 195 
19 101 194 
20 100 193 
19 100 196 
19 100 197 
19 98 200 
19 96 204 
19 95 207 
19 97 203 
19 95 201 
18 98 201 
19 96 201 
19 94 203 
19 94 207 
18 94 207 
17 93 208 
16 94 208 
15 173 115 
14 171 118 
13 169 118 
13 171 116 
12 165 119 
13 162 112 
13 156 108 
13 130 118 
14 137 95 
16 49 215 
18 36 225 
22 44 150 
26 25 214 
25 21 215 
24 35 153 
21 35 194 
19 63 162 
18 72 208 
18 119 165 
19 86 178 
18 109 140 
18 92 167 
19 101 154 
18 96 173 
20 95 179 
20 95 182 
20 127 137 
19 113 149 
17 186 78 
19 86 196 
20 89 195 
20 90 198 
19 91 196 
20 95 188 
21 106 176 
21 105 177 
20 107 179 
20 106 183 
19 110 178 
19 108 185 
19 104 187 
19 101 190 
17 99 190 
16 95 202 
15 188 103 
15 176 110 
13 163 116 
13 160 113 
12 159 112 
12 159 106 
12 150 109 
12 150 97 
13 78 161 
15 51 211 
17 37 227 
20 42 169 
24 27 223 
25 27 210 
23 37 172 
20 36 210 
19 54 194 
17 67 210 
17 119 152 
18 93 167 
18 94 165 
18 122 127 
19 104 150 
19 95 172 
20 98 175 
20 97 176 
20 118 147 
19 117 144 
18 191 84 
18 85 195 
20 92 193 
19 107 183 
19 98 189 
18 100 189 
17 97 190 
16 93 197 
15 178 103 
15 166 109 
14 161 111 
13 158 110 
12 151 110 
12 148 110 
12 146 108 
11 145 107 
11 140 104 
11 141 98 
12 124 101 
13 98 122 
14 97 116 
15 61 176 
15 56 192 
16 72 163 
15 74 168 
14 87 164 
14 117 146 
15 128 151 
19 96 162 
19 97 157 
20 95 170 
19 97 179 
19 94 181 
20 100 171 
19 96 180 
19 94 185 
19 118 141 
18 187 83 
19 83 196 
20 88 188 
19 87 190 
20 87 194 
20 87 196 
19 93 192 
19 95 190 
19 101 180 
20 101 181 
20 103 184 
21 103 183 
21 105 182 
20 104 182 
19 103 184 
20 102 182 
20 106 185 
20 108 180 
19 100 189 
19 98 188 
18 95 187 
17 91 196 
16 168 105 
15 163 105 
14 149 108 
13 142 106 
13 140 104 
13 138 102 
13 129 99 
13 128 98 
13 130 96 
13 129 95 
11 129 99 
12 124 105 
11 123 110 
11 113 124 
11 137 106 
11 127 116 
12 142 106 
11 138 109 
12 144 110 
12 126 132 
13 152 124 
19 85 180 
18 138 111 
19 99 177 
20 121 135 
19 184 83 
19 80 195 
20 85 194 
21 102 182 
21 102 183 
20 104 181 
20 104 189 
19 97 187 
18 95 182 
18 88 191 
17 155 107 
17 154 96 
16 112 96 
18 93 93 
18 89 89 
18 88 90 
17 90 96 
15 93 96 
15 104 96 
12 109 108 
13 120 102 
12 119 107 
12 123 108 
13 119 107 
13 126 103 
13 132 106 
13 136 111 
14 135 115 
18 101 156 
18 115 135 
19 109 143 
19 122 138 
20 126 130 
19 179 87 
19 81 193 
20 81 195 
20 81 196 
20 100 184 
21 100 186 
21 100 184 
20 102 185 
19 101 187 
19 100 188 
19 97 186 
18 85 187 
18 143 102 
18 126 99 
19 103 94 
21 77 96 
23 62 98 
24 52 98 
28 46 94 
30 45 90 
28 52 89 
27 50 91 
24 55 93 
21 58 93 
20 67 91 
18 72 92 
17 84 91 
15 92 97 
16 92 100 
15 95 102 
16 106 101 
20 99 162 
19 95 170 
19 98 159 
19 141 110 
19 124 127 
19 171 91 
20 93 192 
20 98 184 
21 100 187 
19 97 189 
19 96 189 
18 90 181 
18 114 116 
20 97 108 
21 72 99 
23 43 94 
30 30 95 
33 27 94 
33 28 90 
33 29 89 
33 30 86 
33 30 84 
27 33 85 
28 36 85 
26 41 87 
21 50 87 
19 62 87 
18 62 90 
18 64 96 
17 71 94 
17 67 95 
17 71 93 
19 93 170 
19 99 159 
19 153 102 
19 123 126 
20 137 117 
20 140 115 
20 124 130 
19 118 143 
19 130 120 
19 159 93 
19 76 195 
19 97 190 
18 91 138 
20 89 103 
22 57 98 
25 29 96 
34 22 92 
30 17 91 
19 23 89 
24 29 87 
24 31 83 
27 28 81 
33 27 85 
40 29 78 
36 35 73 
27 32 80 
25 34 82 
20 43 71 
19 39 91 
19 45 91 
19 51 85 
19 32 135 
19 33 130 
19 94 166 
18 78 195 
18 116 132 
20 87 181 
19 105 155 
19 109 154 
19 92 180 
19 124 117 
19 157 94 
20 83 184 
20 79 187 
19 76 197 
21 98 184 
20 101 182 
19 110 156 
20 122 132 
20 77 173 
21 71 150 
24 81 97 
25 50 97 
33 28 91 
40 17 89 
30 18 83 
19 24 85 
17 28 81 
23 29 78 
33 29 79 
43 28 81 
47 20 116 
50 8 187 
45 10 146 
40 8 198 
35 15 99 
35 8 203 
26 9 188 
26 13 137 
33 15 149 
33 14 181 
19 94 165 
19 98 151 
19 102 145 
19 100 161 
18 104 160 
19 106 161 
19 127 114 
20 81 199 
21 101 185 
20 101 190 
22 74 172 
23 63 161 
24 84 94 
24 57 89 
23 36 84 
24 30 84 
20 28 83 
27 34 76 
30 31 73 
33 31 74 
41 25 82 
50 10 146 
50 8 182 
65 11 144 
65 8 191 
70 11 142 
70 3 219 
70 4 188 
60 6 162 
49 11 190 
39 12 207 
19 91 174 
19 92 172 
18 82 186 
19 83 179 
19 101 146 
18 82 187 
19 102 158 
18 102 163 
20 100 164 
19 133 109 
20 149 96 
20 76 190 
20 85 195 
21 90 189 
20 103 183 
20 95 159 
21 83 166 
21 72 173 
20 64 175 
20 92 100 
20 69 96 
18 51 90 
17 40 89 
18 34 89 
22 33 84 
27 33 78 
30 31 74 
34 28 73 
40 9 173 
45 6 162 
70 5 157 
78 8 170 
85 9 164 
85 9 180 
78 7 181 
60 4 171 
50 10 160 
36 14 183 
18 89 171 
18 78 187 
18 102 147 
19 75 201 
19 92 170 
20 102 158 
20 100 168 
19 140 109 
18 144 103 
21 82 192 
21 89 190 
21 99 188 
21 101 181 
21 100 183 
20 104 167 
21 94 165 
20 66 179 
21 88 110 
21 70 102 
20 55 93 
19 40 89 
22 32 87 
24 31 82 
26 23 79 
34 23 76 
45 22 70 
60 7 187 
60 10 123 
78 8 169 
78 9 146 
78 7 176 
77 14 132 
77 10 177 
70 9 178 
51 13 135 
46 16 177 
19 95 155 
19 75 197 
19 97 153 
19 92 167 
20 104 155 
18 140 106 
18 138 107 
20 79 207 
20 109 164 
20 69 178 
20 76 131 
20 73 102 
20 59 91 
19 45 90 
25 37 83 
24 32 80 
26 26 80 
35 20 77 
50 20 75 
65 9 171 
69 14 125 
78 8 154 
78 10 133 
80 8 187 
77 18 100 
80 8 181 
69 10 184 
57 20 115 
54 15 174 
20 95 167 
20 89 172 
20 94 155 
19 77 192 
19 74 199 
19 134 112 
18 141 101 
18 107 134 
21 99 181 
21 103 180 
21 99 186 
21 96 193 
20 90 199 
20 86 174 
20 71 175 
21 70 146 
20 81 95 
20 64 92 
20 51 90 
19 41 88 
19 24 84 
30 18 85 
40 19 80 
55 15 99 
65 13 119 
69 11 170 
77 13 140 
78 9 137 
77 9 209 
85 8 192 
80 8 197 
64 16 114 
51 15 171 
20 89 171 
20 111 145 
18 146 96 
18 84 166 
20 100 156 
20 80 188 
19 90 192 
19 95 186 
21 109 164 
21 106 173 
21 98 185 
20 100 183 
20 122 149 
19 76 177 
20 73 147 
19 90 96 
21 68 97 
21 52 98 
22 39 97 
24 27 95 
30 17 88 
35 16 93 
45 17 90 
60 16 109 
69 10 176 
69 11 167 
77 12 143 
77 11 156 
77 8 212 
80 13 183 
85 8 188 
77 9 210 
69 14 132 
57 14 196 
20 92 169 
19 124 119 
19 106 149 
20 100 161 
19 110 146 
20 106 152 
20 82 186 
20 85 180 
18 147 97 
21 98 183 
20 92 180 
20 85 174 
20 77 176 
20 86 130 
20 86 101 
21 70 99 
20 55 98 
22 40 95 
24 28 92 
30 20 89 
35 18 86 
42 16 78 
60 16 115 
69 9 191 
73 13 134 
77 14 130 
77 11 164 
77 11 169 
80 11 210 
86 12 165 
83 11 203 
71 21 133 
63 15 193 
19 116 132 
20 106 151 
19 99 152 
17 83 168 
21 88 186 
21 93 184 
21 99 180 
21 126 144 
20 95 178 
20 96 119 
20 86 110 
20 71 100 
22 57 99 
28 36 99 
30 25 92 
40 18 87 
45 18 85 
60 13 98 
65 14 109 
73 10 183 
80 14 163 
80 16 140 
77 14 128 
80 22 104 
83 16 146 
83 19 121 
78 17 150 
18 84 174 
20 88 160 
18 93 157 
18 92 158 
20 104 154 
18 170 84 
17 82 171 
20 95 177 
21 93 178 
21 93 181 
21 94 181 
21 95 182 
21 103 174 
20 107 170 
20 115 158 
21 101 177 
19 90 175 
20 86 164 
20 84 142 
21 79 123 
22 68 109 
23 56 101 
26 40 103 
33 27 95 
45 17 88 
19 78 186 
19 80 178 
19 84 169 
20 100 143 
19 94 152 
19 110 139 
19 95 167 
20 91 174 
19 90 176 
20 101 161 
20 95 174 
20 90 175 
21 88 185 
21 95 178 
21 93 179 
21 95 180 
21 102 175 
21 108 166 
21 103 173 
21 102 177 
19 68 206 
19 99 142 
19 111 126 
19 83 173 
18 74 192 
17 82 175 
18 112 130 
20 93 165 
20 87 176 
19 93 164 
19 91 173 
18 83 188 
17 193 74 
18 84 171 
21 90 176 
21 92 181 
21 95 179 
21 94 179 
21 93 183 
20 103 138 
20 89 161 
19 92 153 
19 95 148 
19 79 184 
17 79 168 
16 70 186 
18 90 158 
19 112 134 
17 86 157 
15 100 132 
19 96 154 
19 82 189 
18 200 74 
21 90 173 
20 94 180 
21 94 182 
21 93 186 
20 99 144 
19 79 178 
19 85 165 
16 81 154 
14 84 146 
19 112 132 
18 118 123 
18 86 170 
16 87 156 
13 82 146 
18 87 155 
20 92 170 
18 201 75 
19 83 170 
20 106 135 
19 80 175 
15 76 158 
14 74 159 
18 85 159 
19 100 151 
19 91 163 
17 89 161 
